15	1.332	0.065	0.682	0.833
15	1.561	0.100	0.882	0.938
13	2.807	0.066	0.591	0.813
13	1.286	0.124	0.929	0.929
8	3.573	0.032	0.471	0.667
19	1.000	0.209	0.905	1.000
17	2.008	0.167	0.850	0.944
4	2.820	0.019	0.364	0.500
8	0.917	0.048	0.889	1.000
4	9.307	0.015	0.174	0.308
12	3.019	0.034	0.571	0.857
10	0.847	0.058	1.000	0.909
20	1.077	0.065	0.800	0.909
1	4.164	0.005	0.083	0.250
5	8.179	0.026	0.278	0.385
19	1.384	0.125	0.864	0.826
16	2.162	0.102	0.727	0.800
16	1.295	0.105	0.842	1.000
17	2.228	0.057	0.850	1.000
19	0.701	0.104	1.000	0.905
29	1.059	0.206	0.906	0.967
22	2.995	0.122	0.733	0.917
35	0.941	0.208	0.875	0.972
8	3.890	0.084	0.800	1.000
23	1.905	0.112	0.821	0.958
1	15.394	0.019	0.167	0.333
17	1.745	0.107	0.739	0.944
30	1.029	0.126	1.000	1.000
21	1.882	0.093	0.778	0.913
32	0.875	0.153	0.865	1.000
9	0.746	0.052	1.000	1.000
15	0.280	0.109	1.000	1.000
17	1.316	0.091	0.708	0.895
4	5.910	0.045	0.500	0.500
20	0.462	0.139	0.952	0.870
15	7.192	0.068	0.625	0.833
20	1.473	0.104	0.769	0.909
13	1.807	0.080	0.813	1.000
3	11.259	0.030	0.600	0.750
5	3.500	0.042	0.556	0.625
4	8.057	0.029	0.364	0.500
26	1.974	0.197	0.929	0.963
10	1.844	0.041	0.714	1.000
0	0.000	0.000	0.000	0.000
17	2.109	0.091	0.773	0.895
30	0.805	0.123	0.882	0.938
27	1.261	0.186	0.900	1.000
18	1.146	0.089	0.947	0.900
22	1.848	0.070	0.733	0.846
7	9.910	0.052	0.500	0.538
11	0.369	0.036	1.000	1.000
17	1.347	0.061	0.773	0.944
44	1.065	0.112	0.830	0.936
37	0.763	0.186	0.881	1.000
33	0.901	0.156	0.917	0.943
42	1.115	0.183	0.824	0.955
11	4.456	0.093	0.733	0.733
18	0.951	0.065	0.947	0.900
16	0.288	0.109	1.000	0.941
20	1.033	0.152	0.870	1.000
6	2.189	0.068	0.667	0.857
2	4.872	0.020	0.333	0.400
0	0.000	0.000	0.000	0.000
1	452.657	0.014	0.200	1.000
0	377.231	0.000	0.000	0.000
20	0.722	0.119	0.800	0.952
11	4.669	0.046	0.500	0.733
10	0.925	0.061	0.909	0.909
11	3.304	0.053	0.611	0.846
11	1.852	0.087	0.733	0.917
9	2.819	0.064	0.750	1.000
13	1.744	0.065	0.867	1.000
29	3.391	0.113	0.806	0.879
19	0.831	0.067	0.950	1.000
22	1.855	0.071	0.733	0.846
29	1.431	0.083	0.853	0.935
2	6.250	0.013	0.105	0.286
42	0.735	0.140	0.875	0.977
3	6.496	0.013	0.375	0.600
10	1.382	0.083	0.769	1.000
30	0.776	0.189	0.938	0.968
33	2.226	0.175	0.868	0.917
9	7.511	0.058	0.474	0.750
7	5.503	0.035	0.412	0.583
15	4.020	0.090	0.682	0.938
12	1.432	0.081	0.800	0.923
13	2.448	0.086	0.929	0.929
0	15.462	0.000	0.000	0.000
7	6.509	0.046	0.467	0.875
18	0.752	0.092	1.000	0.947
10	1.653	0.061	0.714	1.000
14	3.321	0.101	0.609	0.700
21	2.112	0.158	0.778	0.955
16	2.077	0.105	0.800	0.941
7	1.320	0.073	1.000	1.000
18	1.719	0.121	0.900	0.947
11	0.672	0.151	1.000	0.917
14	4.201	0.075	0.700	0.824
1	27.162	0.005	0.200	0.500
15	1.307	0.050	0.750	1.000
5	12.144	0.014	0.500	0.714
6	1.879	0.039	0.750	1.000
16	4.774	0.030	0.552	0.552
17	1.048	0.127	0.850	0.850
16	1.584	0.086	0.727	0.941
6	0.706	0.098	0.857	1.000
9	1.633	0.088	0.692	0.818
4	1.621	0.046	0.800	1.000
10	2.474	0.091	0.714	0.909
6	0.702	0.081	0.857	1.000
6	4.241	0.037	0.667	0.857
5	57.935	0.035	0.500	0.556
19	1.379	0.071	0.731	0.864
10	2.489	0.035	0.769	0.833
13	4.398	0.046	0.619	0.813
7	7.724	0.031	0.538	0.875
0	251.607	0.000	0.000	0.000
8	2.805	0.049	0.889	0.889
3	2.905	0.041	0.500	1.000
5	10.904	0.038	0.625	0.833
6	2.968	0.043	0.500	0.857
11	1.614	0.083	0.846	0.917
15	3.167	0.079	0.517	0.714
9	7.508	0.046	0.474	0.529
22	1.645	0.126	0.846	1.000
10	5.449	0.054	0.588	1.000
27	0.670	0.179	0.964	1.000
4	2.840	0.020	0.444	1.000
22	7.487	0.137	0.815	0.957
2	21.077	0.010	0.250	0.400
13	1.067	0.068	1.000	0.867
15	0.796	0.090	0.833	0.938
22	2.553	0.136	0.733	0.957
31	0.861	0.185	0.969	0.969
30	0.440	0.208	0.909	0.938
18	1.352	0.082	0.783	0.857
13	1.462	0.067	0.765	1.000
29	0.984	0.116	0.853	0.879
15	1.133	0.087	0.882	0.938
14	2.228	0.136	0.778	1.000
9	1.373	0.083	1.000	1.000
5	1.979	0.057	0.625	0.714
18	0.587	0.207	0.947	1.000
0	0.000	0.000	0.000	0.000
12	1.083	0.069	0.857	1.000
24	1.243	0.145	0.923	0.960
0	301.372	0.000	0.000	NaN
25	1.868	0.137	0.714	0.926
0	0.000	0.000	0.000	0.000
0	268.875	0.000	0.000	NaN
7	3.436	0.025	0.350	0.583
0	270.783	0.000	0.000	NaN
0	0.000	0.000	0.000	0.000
0	0.000	0.000	0.000	0.000
34	1.865	0.083	0.654	0.791
21	1.667	0.146	0.808	0.955
56	0.880	0.121	0.903	0.982
26	0.804	0.138	0.929	1.000
0	0.000	0.000	0.000	0.000
30	1.458	0.094	0.833	1.000
53	0.500	0.331	0.981	0.981
0	352.669	0.000	0.000	NaN
0	0.000	0.000	0.000	0.000
22	1.630	0.085	0.667	0.759
0	454.133	0.000	0.000	0.000
25	1.510	0.094	0.781	0.862
0	0.000	0.000	0.000	0.000
0	361.842	0.000	0.000	NaN
0	300.366	0.000	0.000	NaN
0	0.000	0.000	0.000	0.000
0	0.000	0.000	0.000	0.000
0	0.000	0.000	0.000	0.000
0	0.000	0.000	0.000	0.000
0	0.000	0.000	0.000	0.000
39	1.857	0.092	0.672	0.867
36	1.064	0.143	0.923	0.947
21	0.953	0.051	0.840	1.000
44	0.404	0.163	0.978	1.000
21	1.161	0.159	0.724	0.913
27	1.533	0.117	0.844	0.771
0	0.000	0.000	0.000	0.000
0	0.000	0.000	0.000	0.000
0	0.000	0.000	0.000	0.000
9	1.253	0.092	0.818	0.900
0	0.000	0.000	0.000	0.000
0	0.000	0.000	0.000	0.000
52	1.578	0.107	0.800	0.867
0	0.000	0.000	0.000	0.000
46	0.536	0.114	0.920	1.000
14	0.698	0.048	0.875	0.933
23	2.158	0.126	0.676	1.000
31	1.195	0.102	0.738	0.969
0	0.000	0.000	0.000	0.000
34	1.081	0.122	0.829	0.944
39	0.939	0.108	0.848	0.886
58	1.407	0.149	0.866	0.951
37	2.013	0.112	0.740	0.841
0	0.000	0.000	0.000	0.000
18	0.997	0.105	0.857	0.900
21	1.832	0.069	0.913	0.955
56	0.880	0.121	0.903	0.982
26	0.804	0.138	0.929	1.000
0	0.000	0.000	0.000	0.000