45	3.845	0.054	0.517	0.592
68	2.570	0.057	0.489	0.660
79	1.505	0.073	0.775	0.832
50	2.531	0.046	0.450	0.649
45	2.595	0.041	0.479	0.556
38	1.946	0.039	0.594	0.679
71	2.046	0.068	0.732	0.807
69	2.082	0.072	0.767	0.767
19	3.465	0.015	0.322	0.422
53	2.062	0.051	0.609	0.631
41	2.620	0.039	0.547	0.621
84	1.843	0.098	0.832	0.866
50	2.414	0.049	0.463	0.568
54	3.161	0.047	0.529	0.628
29	3.242	0.029	0.337	0.537
90	1.381	0.081	0.804	0.882
53	2.638	0.045	0.431	0.646
54	1.553	0.060	0.651	0.692
46	0.793	0.056	0.836	0.920
57	2.245	0.052	0.564	0.760
56	2.707	0.053	0.475	0.622
37	2.581	0.037	0.487	0.552
58	2.154	0.062	0.682	0.829
47	1.995	0.049	0.534	0.746
71	1.102	0.066	0.798	0.922
52	2.595	0.046	0.520	0.658
57	1.591	0.058	0.704	0.760
46	1.947	0.054	0.687	0.780
58	1.621	0.059	0.659	0.763
56	2.590	0.060	0.577	0.757
44	2.497	0.044	0.571	0.647
87	1.984	0.081	0.674	0.763
54	1.194	0.058	0.818	0.857
49	2.581	0.048	0.570	0.690
56	2.282	0.051	0.644	0.683
71	2.338	0.057	0.628	0.755
73	1.928	0.069	0.723	0.830
60	3.286	0.056	0.541	0.667
62	2.740	0.059	0.544	0.705
37	2.582	0.033	0.463	0.617
38	2.845	0.032	0.427	0.603
97	1.387	0.080	0.740	0.843
45	3.200	0.043	0.536	0.682
57	3.523	0.062	0.500	0.613
51	2.063	0.052	0.614	0.708
101	1.679	0.115	0.716	0.777
62	1.733	0.065	0.633	0.775
102	1.891	0.084	0.630	0.791
58	0.966	0.050	0.906	0.983
41	3.172	0.039	0.357	0.446
68	1.193	0.054	0.819	0.850
104	1.105	0.105	0.874	0.912
80	2.379	0.072	0.567	0.748
64	1.905	0.053	0.681	0.780
51	1.882	0.079	0.554	0.810
76	2.244	0.064	0.685	0.760
77	1.373	0.063	0.819	0.906
68	1.794	0.069	0.687	0.895
56	4.354	0.048	0.412	0.479
57	2.241	0.058	0.479	0.633
77	2.685	0.073	0.484	0.700
78	3.858	0.072	0.531	0.678
91	2.036	0.075	0.752	0.740
49	2.060	0.062	0.690	0.754
68	2.016	0.070	0.810	0.810
74	1.938	0.082	0.705	0.763
50	3.022	0.045	0.435	0.538
50	2.331	0.047	0.625	0.676
36	3.948	0.034	0.414	0.563
48	2.204	0.052	0.505	0.686
34	4.936	0.034	0.262	0.358
39	2.424	0.033	0.464	0.609
43	2.709	0.041	0.453	0.566
84	1.794	0.102	0.712	0.792
74	2.332	0.066	0.655	0.733
49	2.269	0.043	0.516	0.710
58	3.127	0.056	0.443	0.652
81	2.891	0.067	0.482	0.664
42	4.001	0.036	0.212	0.389
14	4.103	0.012	0.114	0.192
68	1.914	0.063	0.624	0.819
58	3.612	0.048	0.299	0.492
70	3.491	0.060	0.288	0.511
68	3.497	0.069	0.591	0.687
83	2.408	0.076	0.561	0.728
77	3.397	0.067	0.336	0.602
53	3.351	0.046	0.338	0.505
32	3.624	0.032	0.368	0.478
57	3.006	0.054	0.429	0.600
73	1.361	0.076	0.670	0.869
45	5.436	0.048	0.425	0.616
51	2.971	0.044	0.481	0.750
84	2.007	0.076	0.651	0.778
35	6.744	0.034	0.259	0.365
58	1.522	0.060	0.707	0.829
40	3.402	0.040	0.357	0.556
23	3.944	0.025	0.258	0.434
91	2.035	0.098	0.599	0.728
55	5.153	0.070	0.604	0.733
83	1.247	0.082	0.822	0.838
79	2.357	0.081	0.581	0.718
73	2.659	0.061	0.471	0.613
69	2.878	0.052	0.437	0.600
70	1.762	0.058	0.753	0.787
43	3.773	0.034	0.211	0.364
52	4.692	0.042	0.271	0.491
90	2.830	0.084	0.497	0.638
25	3.790	0.022	0.313	0.403
60	4.103	0.047	0.403	0.484
55	1.907	0.054	0.647	0.705
78	2.318	0.061	0.561	0.703
32	3.807	0.026	0.344	0.444
56	3.272	0.074	0.589	0.700
45	2.985	0.072	0.549	0.714
63	2.355	0.050	0.558	0.663
88	2.119	0.079	0.561	0.800
98	2.617	0.093	0.505	0.628
36	4.125	0.039	0.305	0.439
89	3.261	0.076	0.410	0.586
78	1.849	0.080	0.690	0.772
57	3.465	0.065	0.475	0.633
37	3.248	0.031	0.363	0.617
78	2.652	0.070	0.464	0.582
36	4.052	0.033	0.353	0.429
29	2.761	0.028	0.377	0.527
53	2.806	0.072	0.552	0.757
58	3.845	0.065	0.328	0.563
76	3.103	0.076	0.466	0.613
50	2.657	0.044	0.476	0.625
42	3.691	0.043	0.408	0.512
81	1.639	0.076	0.717	0.779
92	2.838	0.091	0.538	0.724
64	3.261	0.077	0.496	0.660
58	2.991	0.066	0.411	0.617
99	2.992	0.082	0.369	0.631
70	2.766	0.060	0.449	0.654
78	2.739	0.073	0.595	0.696
36	3.151	0.048	0.319	0.679
43	3.523	0.045	0.453	0.573
51	2.897	0.050	0.505	0.622
68	2.853	0.065	0.493	0.586
29	3.871	0.030	0.259	0.420
44	3.949	0.041	0.478	0.564
67	2.973	0.065	0.554	0.615
48	2.745	0.044	0.432	0.485
81	4.003	0.405	0.659	0.890
85	2.272	0.085	0.675	0.780
70	2.279	0.064	0.598	0.729
56	2.808	0.050	0.471	0.700
49	1.699	0.046	0.671	0.790
51	2.840	0.057	0.515	0.671
78	2.906	0.072	0.609	0.729
59	2.705	0.064	0.480	0.602
42	3.715	0.039	0.372	0.462
43	4.024	0.036	0.267	0.462
90	1.950	0.099	0.667	0.841
51	2.217	0.048	0.654	0.689
72	2.763	0.060	0.529	0.673
109	2.056	0.097	0.580	0.757
59	2.436	0.056	0.500	0.720
27	6.631	0.024	0.241	0.370
92	1.932	0.085	0.626	0.748
67	2.666	0.056	0.469	0.720
52	2.937	0.042	0.444	0.591
61	2.105	0.056	0.649	0.782
51	3.786	0.045	0.600	0.580
84	1.542	0.074	0.757	0.913
54	3.008	0.054	0.446	0.684
56	2.793	0.051	0.500	0.615
90	2.505	0.081	0.545	0.714
39	3.483	0.041	0.494	0.565
44	3.177	0.038	0.506	0.603
44	3.662	0.040	0.419	0.518
78	2.235	0.062	0.586	0.690
77	1.895	0.062	0.658	0.748
80	2.367	0.067	0.597	0.792
54	3.036	0.043	0.462	0.600
63	1.955	0.062	0.624	0.741
61	3.269	0.048	0.442	0.570
52	2.605	0.042	0.531	0.650
62	1.616	0.060	0.756	0.785
59	2.934	0.058	0.663	0.738
47	3.523	0.042	0.420	0.511
63	2.130	0.064	0.583	0.700
38	3.913	0.030	0.404	0.475
55	2.017	0.055	0.705	0.743
57	1.751	0.056	0.770	0.826
50	2.532	0.042	0.595	0.658
89	4.328	0.574	0.864	0.908
69	3.239	0.069	0.377	0.570
57	2.572	0.049	0.509	0.613
76	1.498	0.066	0.784	0.800
53	2.697	0.047	0.525	0.616
51	2.333	0.050	0.593	0.654
66	1.468	0.069	0.767	0.825
54	2.521	0.052	0.509	0.659
48	1.661	0.056	0.774	0.738
83	2.737	0.067	0.469	0.669
72	1.592	0.065	0.774	0.818
56	1.718	0.057	0.675	0.812
40	3.526	0.042	0.360	0.526
65	3.344	0.051	0.344	0.560
54	2.352	0.047	0.540	0.783
115	0.704	0.108	0.891	0.898
59	1.866	0.067	0.634	0.747
39	2.905	0.033	0.433	0.549
52	2.659	0.045	0.703	0.788
47	2.969	0.044	0.495	0.653
50	2.537	0.053	0.588	0.649
68	1.821	0.065	0.810	0.791
59	2.503	0.056	0.686	0.766
43	1.758	0.040	0.694	0.754
46	3.212	0.041	0.442	0.561
38	4.107	0.044	0.396	0.603
63	3.150	0.056	0.563	0.670
81	2.516	0.067	0.491	0.591
65	2.049	0.068	0.637	0.730
84	2.709	0.068	0.553	0.641
91	3.021	0.098	0.446	0.659
20	4.229	0.022	0.179	0.345
52	3.645	0.049	0.430	0.675
28	4.343	0.024	0.248	0.373
28	7.703	0.027	0.549	0.667
68	2.673	0.063	0.535	0.586
26	4.706	0.020	0.095	0.222
42	4.213	0.038	0.209	0.389
47	3.450	0.042	0.356	0.461
54	2.202	0.049	0.607	0.675
52	3.125	0.049	0.520	0.650
65	2.499	0.051	0.546	0.684
75	1.787	0.073	0.664	0.758
33	2.600	0.056	0.478	0.589
24	2.647	0.042	0.533	0.686
54	2.372	0.051	0.535	0.614
34	4.295	0.028	0.324	0.358
35	4.589	0.033	0.522	0.556
45	3.573	0.047	0.433	0.570
46	2.998	0.036	0.407	0.630
49	5.515	0.055	0.583	0.754
42	3.002	0.060	0.538	0.583
45	3.169	0.045	0.506	0.592
60	1.581	0.070	0.882	0.870
55	2.397	0.051	0.591	0.705
73	2.085	0.080	0.777	0.890
72	1.600	0.063	0.766	0.847
64	3.206	0.069	0.504	0.640
62	1.650	0.086	0.713	0.747
74	2.167	0.077	0.622	0.667
63	3.120	0.060	0.538	0.685
56	3.124	0.055	0.549	0.583
79	2.511	0.081	0.530	0.617
43	3.904	0.037	0.410	0.518
92	2.463	0.092	0.885	0.885
60	2.718	0.049	0.513	0.706
59	1.740	0.053	0.819	0.808
52	3.446	0.047	0.542	0.765
52	2.042	0.048	0.584	0.619
61	2.019	0.053	0.678	0.709
54	2.135	0.051	0.563	0.692
99	1.541	0.084	0.767	0.805
92	1.392	0.083	0.742	0.829
51	1.970	0.056	0.622	0.729
73	2.808	0.059	0.474	0.640
60	2.278	0.053	0.577	0.674
58	1.273	0.052	0.784	0.806
67	1.923	0.079	0.728	0.807
53	2.505	0.047	0.671	0.746
54	3.250	0.050	0.529	0.628
59	2.571	0.053	0.488	0.766
37	3.731	0.036	0.507	0.638
63	2.606	0.056	0.724	0.733
51	2.079	0.049	0.708	0.810
63	2.095	0.058	0.656	0.787
56	2.647	0.046	0.544	0.778
27	4.005	0.022	0.225	0.429
57	3.054	0.218	0.620	0.814
46	2.390	0.057	0.613	0.708
62	2.905	0.055	0.521	0.729
56	1.790	0.063	0.718	0.789
49	2.939	0.048	0.422	0.628
69	1.896	0.082	0.676	0.841
33	4.012	0.040	0.559	0.717
52	2.821	0.065	0.531	0.684
80	1.162	0.074	0.851	0.889
92	1.755	0.080	0.742	0.800
95	0.640	0.093	0.888	0.941
47	2.491	0.039	0.618	0.783
76	2.108	0.062	0.594	0.738
91	1.363	0.099	0.778	0.883
108	1.633	0.085	0.745	0.788
64	1.976	0.064	0.615	0.771
45	3.570	0.042	0.409	0.643
51	3.807	0.048	0.447	0.548
70	1.529	0.063	0.729	0.864
54	3.045	0.044	0.422	0.535
113	1.735	0.094	0.702	0.883
54	2.528	0.048	0.529	0.675
39	3.204	0.034	0.406	0.574
96	2.635	0.081	0.658	0.727
49	2.775	0.044	0.490	0.605
31	4.437	0.032	0.179	0.348
90	4.312	0.090	0.207	0.621
78	1.794	0.061	0.765	0.804
57	2.819	0.051	0.475	0.600
21	2.837	0.023	0.328	0.467
70	2.347	0.071	0.522	0.654
36	3.722	0.035	0.324	0.404
31	4.120	0.028	0.205	0.323
59	1.513	0.068	0.670	0.776
62	1.109	0.063	0.775	0.816
20	4.952	0.018	0.182	0.299
48	3.885	0.051	0.471	0.600
48	2.430	0.055	0.632	0.640
60	3.380	0.066	0.480	0.682
48	3.886	0.049	0.444	0.696
64	2.790	0.048	0.485	0.621
68	1.672	0.081	0.708	0.850
77	2.051	0.079	0.664	0.770
88	2.484	0.085	0.524	0.779
102	2.479	0.097	0.667	0.803
68	2.614	0.056	0.596	0.764
97	2.059	0.107	0.577	0.782
53	3.803	0.047	0.321	0.465
82	3.474	0.073	0.453	0.651
58	3.917	0.049	0.372	0.527
59	3.053	0.049	0.396	0.504
89	2.851	0.080	0.464	0.659
37	3.813	0.043	0.356	0.561
50	2.989	0.042	0.420	0.633
42	3.515	0.037	0.321	0.396
71	2.046	0.072	0.607	0.740
45	2.597	0.060	0.616	0.789
54	3.007	0.056	0.505	0.651
47	3.831	0.044	0.402	0.456
40	3.210	0.039	0.444	0.571
65	1.688	0.084	0.699	0.813
73	3.272	0.058	0.702	0.768
56	3.365	0.049	0.322	0.549
61	2.787	0.060	0.452	0.610
44	5.236	0.053	0.383	0.512
64	2.267	0.065	0.508	0.640
67	3.138	0.069	0.489	0.657
50	2.291	0.039	0.704	0.820
46	4.242	0.049	0.377	0.605
33	2.838	0.046	0.532	0.600
83	4.504	0.068	0.250	0.500
54	2.835	0.068	0.367	0.659
91	1.832	0.111	0.835	0.850
58	1.910	0.062	0.773	0.866
53	2.529	0.056	0.662	0.815
80	1.579	0.113	0.792	0.808
54	2.226	0.058	0.643	0.730
55	1.747	0.057	0.663	0.714
64	1.312	0.073	0.780	0.877
89	1.340	0.092	0.817	0.873
47	2.100	0.049	0.671	0.701
108	0.775	0.136	0.939	0.947
60	1.631	0.061	0.732	0.845
60	1.469	0.066	0.800	0.909
40	1.754	0.032	0.727	0.727
80	1.699	0.084	0.702	0.851
43	2.864	0.046	0.524	0.589
54	2.096	0.067	0.593	0.750
78	1.044	0.082	0.765	0.886
49	2.581	0.051	0.527	0.570
63	3.407	0.064	0.477	0.618
77	2.741	0.076	0.490	0.733
96	2.833	0.082	0.536	0.716
96	2.625	0.077	0.516	0.691
53	3.299	0.048	0.387	0.535
46	3.334	0.047	0.383	0.523
44	3.439	0.035	0.338	0.473
46	2.791	0.047	0.447	0.568
62	2.866	0.063	0.484	0.646
65	3.164	0.059	0.314	0.586
46	3.694	0.048	0.397	0.622
43	3.626	0.036	0.410	0.544
97	2.251	0.092	0.610	0.836
63	2.946	0.048	0.384	0.685
34	3.270	0.037	0.400	0.531
19	3.879	0.017	0.209	0.333
57	2.867	0.052	0.335	0.528
57	3.516	0.052	0.297	0.456
79	2.340	0.084	0.572	0.767
57	6.486	0.071	0.679	0.770
49	3.054	0.047	0.412	0.563
73	1.956	0.083	0.689	0.802
52	2.702	0.044	0.423	0.525
47	2.555	0.045	0.475	0.644
60	3.747	0.056	0.347	0.513
43	3.463	0.045	0.426	0.614
43	4.586	0.042	0.274	0.457
74	1.821	0.071	0.673	0.771
37	3.222	0.040	0.440	0.617
63	1.807	0.050	0.656	0.887
54	2.129	0.054	0.621	0.831
76	1.852	0.077	0.738	0.874
38	2.855	0.044	0.528	0.667
100	1.905	0.093	0.730	0.855
25	3.070	0.026	0.455	0.521
83	2.874	0.073	0.553	0.659
20	2.791	0.027	0.476	0.588
54	1.587	0.052	0.711	0.794
59	2.227	0.057	0.621	0.766
51	2.860	0.040	0.531	0.614
63	1.958	0.077	0.677	0.840
42	3.456	0.038	0.462	0.575
60	1.908	0.064	0.612	0.800
47	2.526	0.043	0.480	0.603
47	3.438	0.043	0.595	0.671
82	2.211	0.073	0.683	0.796
85	1.682	0.080	0.654	0.773
68	2.561	0.053	0.557	0.648
74	4.032	0.069	0.356	0.592
78	2.196	0.070	0.655	0.765
52	2.373	0.053	0.619	0.703
40	2.680	0.037	0.625	0.702
64	1.214	0.064	0.821	0.831
27	3.600	0.026	0.338	0.415
80	1.581	0.072	0.721	0.816
57	1.463	0.065	0.740	0.877
42	2.190	0.044	0.532	0.636
74	2.424	0.062	0.661	0.755
40	3.092	0.040	0.541	0.645
47	2.951	0.044	0.580	0.701
40	2.886	0.038	0.500	0.533
51	2.497	0.043	0.580	0.637
36	3.098	0.029	0.439	0.571
54	1.939	0.048	0.651	0.684
40	2.245	0.037	0.563	0.656
54	2.928	0.046	0.551	0.635
30	3.639	0.028	0.330	0.484
55	2.166	0.042	0.591	0.671
63	2.163	0.052	0.649	0.797
56	1.797	0.052	0.700	0.767
40	1.911	0.041	0.635	0.678
56	2.502	0.046	0.533	0.609
34	2.820	0.028	0.466	0.479
47	2.590	0.038	0.588	0.618
55	3.345	0.047	0.320	0.447
62	2.006	0.052	0.660	0.795
49	2.366	0.037	0.551	0.721
64	1.984	0.058	0.627	0.744
89	1.834	0.080	0.718	0.832
71	1.804	0.072	0.696	0.747
38	3.254	0.033	0.667	0.776
64	1.825	0.058	0.696	0.810
74	2.858	0.069	0.638	0.779
56	1.888	0.051	0.691	0.747
76	1.829	0.065	0.738	0.784
49	3.273	0.041	0.490	0.710
48	2.335	0.038	0.632	0.649
49	2.885	0.047	0.467	0.620
54	2.515	0.042	0.545	0.643
94	1.753	0.080	0.707	0.847
33	4.107	0.025	0.337	0.412
59	1.971	0.063	0.766	0.908
70	3.433	0.081	0.593	0.769
47	4.585	0.042	0.290	0.395
35	3.368	0.032	0.389	0.500
88	2.081	0.085	0.591	0.765
76	4.042	0.087	0.760	0.826
69	2.538	0.052	0.539	0.633
28	3.867	0.039	0.368	0.444
65	1.778	0.060	0.684	0.783
71	2.058	0.069	0.683	0.747
70	1.363	0.066	0.686	0.805
82	1.218	0.064	0.766	0.872
42	2.480	0.044	0.545	0.677
65	3.140	0.054	0.448	0.657
69	2.015	0.064	0.670	0.812
37	3.161	0.031	0.370	0.500
69	3.709	0.053	0.473	0.595
60	3.160	0.054	0.508	0.652
57	1.934	0.049	0.704	0.877
50	2.832	0.050	0.617	0.725
29	3.367	0.030	0.420	0.492
44	2.877	0.044	0.449	0.620
50	2.475	0.050	0.510	0.704
52	2.205	0.050	0.605	0.712
56	2.751	0.048	0.651	0.718
84	1.150	0.068	0.771	0.866
77	1.850	0.070	0.713	0.778
94	0.774	0.075	0.895	0.904
70	1.210	0.061	0.787	0.753
52	2.931	0.044	0.525	0.675
63	2.705	0.067	0.521	0.677
74	3.576	0.057	0.529	0.692
70	1.262	0.070	0.833	0.946
76	1.509	0.068	0.760	0.844
68	2.275	0.062	0.791	0.819
89	0.980	0.083	0.848	0.899
86	1.428	0.078	0.735	0.843
73	1.106	0.061	0.820	0.820
48	1.962	0.040	0.738	0.750
58	0.797	0.048	0.906	0.906
42	2.385	0.041	0.532	0.618
81	1.079	0.070	0.802	0.844
74	1.618	0.067	0.667	0.755
75	1.508	0.063	0.781	0.773
68	2.349	0.059	0.642	0.680
90	2.329	0.072	0.581	0.750
79	2.545	0.065	0.549	0.648
41	2.819	0.033	0.482	0.586
50	2.776	0.040	0.495	0.562
29	3.707	0.023	0.315	0.403
71	2.636	0.054	0.490	0.628
37	2.623	0.030	0.536	0.649
47	3.410	0.038	0.416	0.560
39	3.279	0.031	0.476	0.506
71	1.886	0.065	0.740	0.845
30	4.055	0.025	0.395	0.476
89	1.903	0.070	0.659	0.802
42	2.315	0.034	0.646	0.712
60	2.050	0.049	0.638	0.682
90	0.826	0.080	0.882	0.826
66	2.529	0.055	0.606	0.733
52	2.051	0.040	0.642	0.754
61	2.527	0.046	0.508	0.575
54	2.005	0.043	0.750	0.783
95	1.111	0.073	0.819	0.864
82	2.447	0.061	0.683	0.766
48	2.536	0.038	0.632	0.800
54	2.044	0.046	0.600	0.692
58	1.115	0.057	0.773	0.795
92	2.538	0.091	0.672	0.754
63	1.734	0.059	0.759	0.759
60	2.881	0.048	0.480	0.632
52	2.555	0.044	0.500	0.634
61	2.423	0.050	0.598	0.735
60	1.622	0.047	0.690	0.779
56	3.190	0.050	0.431	0.544
31	5.634	0.026	0.449	0.431
86	1.233	0.079	0.851	0.905
59	3.264	0.051	0.454	0.628
71	2.162	0.057	0.634	0.696
87	1.134	0.079	0.853	0.813
44	2.453	0.037	0.564	0.800
73	1.116	0.067	0.859	0.912
44	2.883	0.042	0.710	0.667
72	2.792	0.063	0.571	0.649
48	3.461	0.044	0.417	0.495
47	2.463	0.041	0.610	0.691
39	3.718	0.031	0.355	0.443
83	2.518	0.070	0.532	0.638
35	3.238	0.035	0.385	0.467
53	2.102	0.043	0.558	0.736
82	1.447	0.067	0.739	0.804
69	0.771	0.067	0.841	0.873
87	0.875	0.075	0.806	0.870
72	1.711	0.067	0.673	0.783
28	3.585	0.038	0.329	0.500
30	3.285	0.026	0.370	0.469
50	3.012	0.040	0.463	0.481
35	3.106	0.035	0.337	0.380
40	4.670	0.052	0.494	0.571
48	3.757	0.044	0.480	0.585
26	5.329	0.025	0.371	0.464
32	4.379	0.032	0.271	0.356
48	3.074	0.041	0.432	0.490
40	2.531	0.042	0.548	0.635
68	1.612	0.057	0.773	0.883
62	3.283	0.053	0.434	0.574
83	2.193	0.076	0.697	0.748
72	1.996	0.065	0.692	0.774
46	2.861	0.044	0.418	0.460
55	2.854	0.049	0.414	0.585
74	2.020	0.064	0.679	0.740
46	2.204	0.039	0.568	0.613
54	2.926	0.048	0.500	0.593
38	3.001	0.034	0.437	0.633
56	3.276	0.046	0.397	0.500
56	2.220	0.054	0.583	0.636
71	1.254	0.065	0.845	0.877
48	3.455	0.045	0.417	0.475
37	3.534	0.035	0.481	0.627
35	3.735	0.030	0.361	0.398
80	1.920	0.074	0.661	0.762
74	2.492	0.073	0.457	0.638
38	2.150	0.038	0.667	0.717
42	3.547	0.047	0.375	0.568
86	2.106	0.088	0.705	0.748
64	2.029	0.050	0.615	0.744
85	1.614	0.068	0.708	0.766
84	1.367	0.071	0.771	0.808
58	2.135	0.050	0.795	0.806
53	2.508	0.045	0.515	0.631
31	3.625	0.024	0.413	0.534
40	2.065	0.075	0.667	0.645
67	3.675	0.054	0.573	0.713
83	1.099	0.071	0.822	0.865
75	1.562	0.070	0.758	0.781
50	2.382	0.043	0.625	0.667
77	2.343	0.085	0.642	0.675
62	2.310	0.048	0.639	0.721
82	2.544	0.077	0.701	0.752
50	4.437	0.044	0.410	0.532
64	1.293	0.056	0.800	0.889
76	1.456	0.060	0.760	0.738
37	2.941	0.032	0.385	0.487
52	2.647	0.052	0.505	0.565
74	1.857	0.068	0.655	0.718
70	2.204	0.099	0.686	0.886
104	2.281	0.097	0.654	0.825
86	3.406	0.081	0.450	0.573
69	1.300	0.065	0.758	0.821
79	2.816	0.081	0.767	0.798
83	2.577	0.067	0.610	0.648
86	2.507	0.088	0.647	0.723
26	2.135	0.039	0.650	0.788
31	2.887	0.033	0.470	0.620
29	3.450	0.036	0.630	0.604
75	1.782	0.069	0.682	0.758
84	2.075	0.082	0.677	0.730
63	2.350	0.054	0.543	0.759
60	2.869	0.050	0.405	0.508
63	2.867	0.060	0.394	0.663
50	3.094	0.046	0.439	0.526
51	2.146	0.046	0.810	0.750
51	2.726	0.075	0.671	0.750
72	6.333	0.074	0.581	0.727
114	2.769	0.104	0.579	0.713
45	3.740	0.041	0.511	0.750
109	2.614	0.101	0.553	0.708
93	2.847	0.077	0.443	0.655
49	2.687	0.052	0.620	0.742
56	1.969	0.052	0.566	0.651
70	3.555	0.076	0.569	0.680
77	1.983	0.070	0.653	0.762
76	2.516	0.061	0.585	0.697
31	2.924	0.027	0.425	0.525
30	3.335	0.024	0.313	0.411
48	2.827	0.040	0.410	0.585
91	2.701	0.081	0.492	0.674
97	2.171	0.095	0.574	0.752
42	3.565	0.036	0.344	0.452
87	2.096	0.076	0.635	0.750
59	3.030	0.046	0.509	0.641
61	2.146	0.051	0.560	0.824
41	4.267	0.036	0.380	0.577
60	2.578	0.055	0.594	0.667
70	1.722	0.058	0.686	0.833
92	1.781	0.089	0.657	0.742
66	2.452	0.090	0.767	0.835
28	3.649	0.023	0.295	0.459
54	2.801	0.043	0.474	0.675
56	2.115	0.045	0.500	0.737
43	2.525	0.041	0.467	0.717
39	2.550	0.038	0.476	0.582
42	3.591	0.033	0.347	0.560
29	4.318	0.033	0.468	0.537
42	3.108	0.036	0.424	0.560
50	2.870	0.050	0.641	0.667
50	3.426	0.046	0.340	0.435
63	2.418	0.053	0.724	0.818
87	1.237	0.080	0.821	0.888
34	3.655	0.035	0.312	0.415
59	2.641	0.060	0.532	0.738
59	2.216	0.053	0.756	0.756
112	1.468	0.105	0.742	0.812
38	2.671	0.040	0.475	0.507
69	2.482	0.065	0.600	0.663
34	3.579	0.029	0.239	0.318
55	2.289	0.059	0.514	0.640
57	2.317	0.070	0.570	0.695
55	1.876	0.053	0.519	0.705
68	1.118	0.057	0.782	0.840
78	3.290	0.085	0.672	0.772
46	2.406	0.051	0.582	0.742
80	2.026	0.070	0.615	0.661
59	3.708	0.052	0.480	0.596
75	2.531	0.064	0.547	0.625
52	2.654	0.043	0.495	0.703
45	2.932	0.055	0.464	0.600
65	1.920	0.084	0.707	0.802
58	4.494	0.058	0.487	0.630
93	1.996	0.079	0.694	0.816
104	1.179	0.092	0.806	0.788
74	1.808	0.084	0.607	0.804
42	1.933	0.050	0.600	0.737
34	2.951	0.027	0.453	0.630
70	1.694	0.101	0.769	0.886
81	1.339	0.065	0.779	0.810
31	3.790	0.027	0.261	0.326
37	3.217	0.036	0.569	0.544
49	2.453	0.060	0.636	0.754
97	2.169	0.092	0.642	0.740
46	2.184	0.038	0.575	0.667
80	1.829	0.074	0.667	0.784
40	3.840	0.034	0.303	0.417
64	2.025	0.091	0.696	0.771
46	3.434	0.054	0.368	0.582
84	3.037	0.073	0.440	0.579
40	2.804	0.037	0.455	0.548
28	3.317	0.026	0.295	0.406
77	2.596	0.066	0.542	0.621
62	1.728	0.055	0.674	0.775
72	2.619	0.055	0.605	0.720
59	1.899	0.065	0.621	0.747
69	2.520	0.064	0.605	0.697
73	2.559	0.070	0.664	0.753
65	2.481	0.051	0.537	0.644
45	3.142	0.038	0.563	0.625
77	1.517	0.066	0.762	0.811
78	2.071	0.061	0.538	0.716
77	1.622	0.061	0.688	0.755
63	1.163	0.051	0.818	0.840
77	1.263	0.062	0.794	0.837
66	2.365	0.060	0.555	0.641
48	2.655	0.039	0.578	0.738
61	1.118	0.050	0.772	0.859
62	1.296	0.052	0.775	0.899
37	3.112	0.034	0.561	0.712
105	0.606	0.082	0.929	0.946
78	2.339	0.068	0.605	0.757
56	2.021	0.070	0.675	0.757
60	2.535	0.054	0.667	0.714
98	2.473	0.104	0.737	0.838
61	1.950	0.060	0.803	0.836
37	2.760	0.046	0.552	0.698
53	2.319	0.042	0.570	0.707
65	1.760	0.066	0.730	0.833
54	2.020	0.051	0.607	0.711
76	2.323	0.067	0.650	0.809
74	2.099	0.096	0.612	0.755
52	2.378	0.043	0.547	0.584
72	2.363	0.079	0.615	0.735
59	4.985	0.063	0.518	0.590
38	4.288	0.038	0.365	0.585
52	3.868	0.046	0.658	0.642
55	1.812	0.054	0.714	0.821
76	3.365	0.119	0.639	0.792
16	4.860	0.018	0.184	0.200
60	0.874	0.075	0.909	0.882
97	2.135	0.079	0.651	0.724
29	3.078	0.023	0.617	0.744
59	3.242	0.056	0.584	0.628
77	2.272	0.071	0.658	0.713
72	2.385	0.064	0.571	0.655
32	4.221	0.031	0.432	0.485
98	0.910	0.077	0.883	0.867
39	2.542	0.036	0.406	0.506
43	3.425	0.037	0.314	0.439
71	1.893	0.059	0.732	0.747
73	2.231	0.069	0.589	0.737
60	3.052	0.053	0.588	0.706
64	2.139	0.055	0.634	0.703
84	3.329	0.076	0.497	0.646
44	3.174	0.049	0.400	0.478
31	3.862	0.036	0.341	0.585
111	0.923	0.088	0.860	0.895
105	3.595	0.097	0.673	0.709
55	2.501	0.059	0.509	0.625
64	2.174	0.063	0.736	0.736
73	2.080	0.075	0.619	0.646
33	3.373	0.033	0.500	0.532
53	3.856	0.045	0.335	0.465
91	2.686	0.077	0.576	0.728
75	1.467	0.068	0.743	0.815
82	2.024	0.071	0.651	0.788
29	3.926	0.024	0.248	0.337
76	2.388	0.069	0.543	0.697
73	1.620	0.078	0.730	0.811
35	3.312	0.032	0.294	0.473
42	4.900	0.063	0.609	0.667
33	4.888	0.096	0.434	0.550
67	2.669	0.055	0.500	0.770
44	3.479	0.048	0.449	0.518
44	4.464	0.081	0.647	0.800
48	3.618	0.079	0.490	0.667
70	1.767	0.082	0.714	0.875
72	1.949	0.109	0.679	0.828
34	1.267	0.051	0.773	0.739
54	3.001	0.059	0.519	0.783
68	1.190	0.054	0.782	0.829
7	3.205	0.051	0.412	0.500
59	3.168	0.060	0.440	0.641
40	13.834	0.078	0.606	0.690
5	9.511	0.022	0.417	0.500
72	2.176	0.073	0.595	0.713
38	3.130	0.034	0.418	0.551
59	3.473	0.057	0.434	0.596
51	2.516	0.047	0.543	0.607
56	3.237	0.061	0.571	0.675
39	2.718	0.035	0.424	0.600
35	4.924	0.030	0.162	0.315
62	2.528	0.064	0.517	0.653
46	2.532	0.056	0.523	0.648
72	1.491	0.057	0.742	0.774
39	3.030	0.033	0.429	0.591
71	4.123	0.070	0.370	0.634
25	3.841	0.026	0.291	0.431
61	2.955	0.054	0.526	0.792
51	3.173	0.046	0.311	0.586
73	1.978	0.068	0.593	0.676
46	3.968	0.043	0.317	0.517
42	2.699	0.039	0.525	0.636
66	2.918	0.064	0.465	0.733
42	3.677	0.043	0.323	0.438
41	2.042	0.038	0.441	0.586
41	8.685	0.035	0.446	0.532
49	1.792	0.047	0.598	0.817
52	2.055	0.052	0.536	0.612
65	1.629	0.065	0.747	0.855
119	0.640	0.103	0.922	0.908
37	2.402	0.036	0.536	0.597
58	2.324	0.063	0.574	0.644
87	1.438	0.088	0.763	0.821
77	2.730	0.075	0.616	0.713
36	4.570	0.034	0.529	0.514
52	1.384	0.065	0.743	0.765
64	1.637	0.058	0.696	0.810
62	2.223	0.057	0.738	0.713
73	2.196	0.076	0.730	0.768
69	2.119	0.065	0.639	0.742
89	0.867	0.083	0.856	0.873
65	2.942	0.065	0.613	0.722
48	2.052	0.047	0.632	0.762
40	2.115	0.037	0.615	0.656
84	2.275	0.081	0.553	0.689
43	2.216	0.039	0.581	0.705
88	0.990	0.082	0.830	0.880
61	1.682	0.075	0.772	0.792
85	1.418	0.084	0.759	0.802
82	2.156	0.072	0.641	0.745
62	2.306	0.068	0.689	0.785
75	1.298	0.074	0.798	0.815
44	3.233	0.041	0.458	0.506
53	1.160	0.050	0.815	0.869
72	2.012	0.070	0.661	0.766
75	1.896	0.073	0.682	0.743
51	2.430	0.047	0.573	0.718
84	2.598	0.061	0.452	0.683
43	3.015	0.037	0.512	0.683
72	1.442	0.063	0.783	0.774
45	1.636	0.037	0.865	0.882
86	3.263	0.105	0.723	0.735
64	2.408	0.061	0.561	0.753
50	2.687	0.047	0.581	0.781
78	2.347	0.064	0.578	0.765
58	2.241	0.054	0.617	0.763
35	4.344	0.032	0.467	0.583
51	1.934	0.047	0.586	0.680
70	2.736	0.061	0.593	0.769
33	2.803	0.030	0.418	0.508
74	2.486	0.070	0.487	0.617
20	6.872	0.020	0.278	0.339
29	3.791	0.028	0.206	0.309
94	2.283	0.083	0.560	0.746
24	4.189	0.024	0.197	0.343
97	1.215	0.095	0.789	0.843
36	3.490	0.036	0.621	0.621
36	3.859	0.037	0.391	0.450
51	2.275	0.048	0.543	0.689
53	2.999	0.054	0.457	0.546
70	1.320	0.062	0.824	0.833
88	3.345	0.079	0.575	0.633
79	2.163	0.077	0.549	0.653
47	2.402	0.044	0.448	0.573
46	1.812	0.045	0.639	0.767
68	2.429	0.065	0.482	0.701
75	1.446	0.081	0.833	0.862
39	3.158	0.040	0.371	0.506
58	2.183	0.056	0.707	0.753
57	1.690	0.056	0.679	0.750
69	2.182	0.056	0.543	0.719
34	2.272	0.035	0.548	0.576
49	2.525	0.041	0.450	0.551
46	2.367	0.045	0.605	0.676
65	1.832	0.060	0.699	0.783
70	1.978	0.061	0.654	0.769
63	2.417	0.055	0.624	0.606
64	1.781	0.052	0.703	0.753
51	1.395	0.083	0.879	0.864
72	2.156	0.065	0.727	0.774
26	4.103	0.033	0.347	0.464
63	1.408	0.049	0.778	0.768
106	2.340	0.101	0.500	0.752
43	3.093	0.041	0.467	0.642
45	2.697	0.046	0.563	0.592
55	3.072	0.059	0.426	0.573
67	1.887	0.076	0.728	0.744
33	3.722	0.038	0.379	0.493
81	2.510	0.081	0.686	0.771
48	1.919	0.037	0.716	0.800
53	1.650	0.064	0.697	0.791
89	2.022	0.078	0.605	0.781
79	1.817	0.093	0.718	0.849
56	1.852	0.056	0.737	0.824
62	1.839	0.055	0.626	0.805
92	1.004	0.078	0.836	0.920
64	3.237	0.054	0.386	0.516
54	3.789	0.046	0.333	0.491
49	2.514	0.044	0.636	0.731
7	4.715	0.007	0.113	0.149
81	2.490	0.067	0.555	0.717
76	1.675	0.063	0.691	0.752
38	3.017	0.035	0.388	0.521
60	1.938	0.047	0.698	0.714
63	1.788	0.077	0.685	0.787
54	2.044	0.047	0.750	0.761
35	2.538	0.034	0.393	0.507
63	2.181	0.055	0.643	0.808
58	1.984	0.050	0.716	0.734
46	2.646	0.039	0.511	0.657
56	2.982	0.049	0.589	0.709
57	3.352	0.047	0.429	0.600
70	1.535	0.075	0.707	0.745
52	3.398	0.050	0.456	0.650
73	2.484	0.065	0.529	0.768
38	3.776	0.033	0.304	0.494
72	2.960	0.055	0.385	0.667
61	1.544	0.053	0.718	0.836
58	2.933	0.050	0.542	0.699
40	3.301	0.035	0.417	0.563
42	3.483	0.037	0.300	0.442
61	2.585	0.055	0.496	0.587
67	3.180	0.057	0.444	0.609
60	3.454	0.052	0.500	0.732
56	2.963	0.045	0.412	0.583
59	2.147	0.053	0.686	0.728
70	2.332	0.058	0.583	0.707
18	3.883	0.039	0.321	0.500
67	3.269	0.078	0.319	0.593
61	5.598	0.059	0.455	0.670
66	1.207	0.089	0.776	0.880
63	1.956	0.073	0.677	0.741
85	2.750	0.077	0.489	0.746
59	1.757	0.065	0.766	0.747
53	2.354	0.086	0.746	0.791
49	3.508	0.052	0.441	0.590
44	2.812	0.056	0.454	0.638
68	1.983	0.056	0.756	0.773
60	5.739	0.071	0.395	0.789
58	3.471	0.052	0.282	0.492
42	2.855	0.058	0.553	0.600
47	1.669	0.053	0.734	0.810
28	2.952	0.035	0.452	0.500
70	2.625	0.069	0.490	0.700
23	3.640	0.028	0.267	0.451
44	2.541	0.084	0.512	0.657
65	3.961	0.067	0.492	0.699
14	4.413	0.016	0.152	0.264
55	2.877	0.051	0.399	0.632
52	3.076	0.054	0.377	0.591
26	3.273	0.034	0.313	0.491
57	3.319	0.057	0.363	0.487
41	4.619	0.046	0.128	0.350
54	3.610	0.043	0.409	0.478
81	1.694	0.073	0.653	0.764
57	3.593	0.049	0.335	0.487
87	1.413	0.073	0.664	0.757
85	2.185	0.078	0.625	0.780
60	3.222	0.063	0.645	0.759
38	2.904	0.040	0.475	0.514
31	3.788	0.033	0.301	0.383
77	1.060	0.079	0.846	0.895
48	2.880	0.043	0.432	0.505
67	2.083	0.058	0.626	0.670
59	2.825	0.062	0.562	0.656
31	2.588	0.036	0.463	0.534
87	1.520	0.081	0.829	0.897
36	1.314	0.042	0.750	0.720
49	2.237	0.048	0.662	0.613
57	1.042	0.059	0.891	0.905
54	1.387	0.075	0.730	0.857
55	1.633	0.062	0.821	0.873
53	2.379	0.088	0.779	0.855
70	2.375	0.097	0.700	0.737
45	2.007	0.043	0.584	0.703
106	1.877	0.090	0.757	0.869
37	0.993	0.054	0.841	0.949
46	2.895	0.046	0.605	0.657
59	1.067	0.067	0.831	0.855
74	1.767	0.084	0.763	0.804
55	2.789	0.067	0.743	0.833
36	4.097	0.041	0.221	0.305
46	3.781	0.056	0.426	0.561
55	2.085	0.057	0.821	0.809
85	0.740	0.087	0.944	0.885
44	1.478	0.050	0.786	0.800
37	1.964	0.046	0.740	0.822
26	3.807	0.034	0.333	0.419
60	0.386	0.066	0.952	0.938
20	3.034	0.018	0.333	0.426
53	1.896	0.051	0.654	0.803
67	2.058	0.070	0.626	0.684
70	1.527	0.083	0.737	0.787
110	1.255	0.091	0.815	0.803
37	2.860	0.040	0.440	0.544
31	4.226	0.028	0.292	0.443
40	4.380	0.045	0.440	0.541
76	1.873	0.120	0.724	0.809
37	4.771	0.058	0.463	0.536
42	1.239	0.070	0.712	0.824
75	2.959	0.108	0.682	0.824
60	2.123	0.081	0.659	0.789
41	1.762	0.049	0.672	0.774
39	3.300	0.042	0.513	0.661
48	2.191	0.044	0.578	0.706
26	3.044	0.036	0.448	0.500
46	2.523	0.056	0.719	0.793
31	3.500	0.034	0.348	0.534
66	2.840	0.076	0.465	0.660
58	2.709	0.059	0.604	0.725
51	2.685	0.046	0.537	0.637
44	2.732	0.041	0.530	0.721
34	2.208	0.032	0.540	0.708
57	2.068	0.066	0.679	0.814
79	1.739	0.069	0.806	0.898
60	2.060	0.057	0.600	0.723
66	3.902	0.062	0.388	0.579
96	1.246	0.095	0.768	0.873
129	1.366	0.135	0.791	0.801
75	2.173	0.075	0.688	0.701
68	1.714	0.070	0.567	0.800
103	1.803	0.092	0.665	0.741
104	2.066	0.087	0.612	0.689
95	1.851	0.085	0.683	0.792
93	1.407	0.082	0.744	0.762
100	2.394	0.112	0.685	0.775
94	1.817	0.077	0.648	0.707
105	2.069	0.088	0.640	0.814
85	1.773	0.073	0.616	0.726
45	3.317	0.038	0.308	0.421
102	2.591	0.086	0.750	0.750
105	2.417	0.091	0.559	0.691
78	2.282	0.062	0.619	0.750
70	1.685	0.058	0.667	0.795
134	1.653	0.108	0.680	0.766
125	2.564	0.098	0.517	0.691
110	2.220	0.091	0.608	0.659
38	2.054	0.032	0.567	0.667
122	1.446	0.116	0.841	0.836
106	1.269	0.091	0.835	0.835
199	1.094	0.155	0.873	0.896
58	2.148	0.062	0.574	0.644
100	1.545	0.090	0.719	0.820
96	1.210	0.083	0.807	0.857
82	1.436	0.077	0.788	0.804
62	2.617	0.056	0.488	0.554
92	1.287	0.088	0.773	0.860
139	1.363	0.117	0.751	0.818
264	1.501	0.212	0.783	0.901
229	1.802	0.189	0.688	0.795
188	1.526	0.139	0.681	0.752
118	1.602	0.099	0.776	0.781
161	2.038	0.125	0.631	0.706
69	2.757	0.058	0.431	0.595
127	2.048	0.105	0.602	0.709
0	71.150	0.000	0.000	0.000
243	1.559	0.206	0.739	0.835
311	0.812	0.244	0.871	0.909
95	2.762	0.074	0.452	0.586
76	1.368	0.064	0.697	0.844
166	1.650	0.137	0.731	0.794
103	2.833	0.083	0.528	0.582
234	0.601	0.188	0.903	0.932
131	2.231	0.107	0.550	0.682
168	2.579	0.137	0.545	0.651
110	1.560	0.110	0.710	0.791
159	1.230	0.129	0.757	0.850
188	2.753	0.145	0.437	0.608
373	0.964	0.262	0.831	0.884
185	1.766	0.149	0.647	0.771
147	2.094	0.113	0.563	0.665
341	0.972	0.240	0.816	0.919
172	2.317	0.128	0.539	0.675
193	1.503	0.164	0.715	0.801
240	1.528	0.196	0.725	0.839
66	2.288	0.070	0.606	0.680
148	2.227	0.133	0.597	0.673
87	1.778	0.088	0.806	0.813
120	1.600	0.117	0.779	0.800
108	2.824	0.094	0.454	0.590
235	1.216	0.183	0.763	0.797
361	0.863	0.256	0.824	0.874
301	1.216	0.213	0.790	0.836
262	1.051	0.195	0.766	0.853
339	1.423	0.283	0.755	0.869
89	2.030	0.089	0.742	0.781
103	2.783	0.083	0.498	0.599
75	2.264	0.072	0.610	0.694
160	1.132	0.145	0.821	0.879
323	2.214	0.219	0.616	0.705
404	1.364	0.281	0.765	0.792
321	1.574	0.232	0.718	0.825
406	1.457	0.288	0.737	0.846
61	3.686	0.055	0.347	0.455
111	1.721	0.091	0.600	0.766
272	1.105	0.219	0.837	0.892
560	1.761	0.343	0.686	0.826
376	0.196	0.278	0.969	0.962
214	2.409	0.171	0.546	0.688
148	2.006	0.122	0.612	0.779
99	2.734	0.127	0.586	0.692
165	2.204	0.140	0.625	0.775
91	2.336	0.079	0.569	0.669
68	3.570	0.056	0.271	0.444
85	2.239	0.090	0.664	0.739
33	2.545	0.028	0.407	0.493
44	2.844	0.046	0.373	0.557
78	2.924	0.064	0.438	0.634
72	2.205	0.075	0.537	0.692
69	2.793	0.057	0.399	0.570
69	3.692	0.070	0.311	0.479
108	2.095	0.125	0.590	0.720
105	2.276	0.093	0.525	0.750
102	1.898	0.103	0.654	0.671
90	2.408	0.075	0.481	0.726
75	2.416	0.074	0.586	0.721
387	1.367	0.311	0.805	0.935
308	2.619	0.282	0.732	0.865
140	2.282	0.116	0.524	0.704
60	3.491	0.062	0.435	0.577
0	537.286	0.000	0.000	NaN
84	2.530	0.075	0.512	0.683
151	3.090	0.131	0.459	0.674
59	3.070	0.055	0.428	0.621
83	1.618	0.102	0.748	0.755
82	2.629	0.070	0.458	0.661
91	2.291	0.102	0.603	0.758
65	3.145	0.092	0.439	0.637
78	3.655	0.067	0.279	0.494
131	2.405	0.103	0.590	0.701
133	2.388	0.106	0.493	0.655
85	2.063	0.086	0.480	0.697
209	1.561	0.184	0.704	0.768
105	2.502	0.103	0.550	0.610
105	2.861	0.104	0.556	0.729
144	2.001	0.124	0.649	0.796
197	2.144	0.149	0.571	0.686
103	2.483	0.088	0.636	0.696
200	1.962	0.183	0.649	0.784
226	0.546	0.197	0.911	0.962
205	1.063	0.397	0.817	0.928
110	2.138	0.107	0.573	0.738
38	4.069	0.034	0.215	0.369
75	2.716	0.058	0.510	0.636
62	3.417	0.050	0.318	0.488
73	3.226	0.063	0.333	0.445
82	2.497	0.092	0.543	0.695
141	2.815	0.119	0.448	0.719
117	2.950	0.097	0.415	0.657
100	2.536	0.098	0.571	0.676
168	2.836	0.130	0.517	0.694
100	2.308	0.094	0.617	0.741
100	3.024	0.093	0.398	0.645
87	3.662	0.086	0.442	0.621
73	3.228	0.060	0.358	0.533
93	2.128	0.076	0.541	0.694
146	2.301	0.133	0.525	0.772
66	2.895	0.057	0.449	0.589
143	2.239	0.120	0.538	0.719
118	2.999	0.093	0.496	0.690
159	3.989	0.119	0.460	0.614
137	2.073	0.113	0.519	0.688
80	3.129	0.070	0.412	0.606
48	3.293	0.041	0.324	0.522
53	3.675	0.044	0.260	0.351
59	3.314	0.049	0.369	0.472
131	2.657	0.107	0.438	0.598
62	3.040	0.065	0.440	0.646
124	2.835	0.110	0.425	0.678
120	3.498	0.118	0.283	0.619
191	2.485	0.150	0.523	0.723
83	3.259	0.066	0.379	0.572
238	1.804	0.176	0.739	0.804
101	2.071	0.083	0.537	0.664
81	1.460	0.083	0.704	0.750
103	2.761	0.086	0.475	0.554
48	2.964	0.046	0.397	0.696
97	2.705	0.080	0.478	0.713
172	2.707	0.123	0.447	0.616
231	1.886	0.177	0.631	0.791
170	2.415	0.152	0.503	0.646
198	1.740	0.164	0.662	0.798
505	1.457	0.334	0.782	0.871
275	1.308	0.202	0.797	0.873
105	1.450	0.100	0.729	0.840
225	1.902	0.174	0.670	0.830
137	2.747	0.112	0.479	0.617
244	0.957	0.217	0.795	0.900
109	1.379	0.111	0.712	0.790
41	3.039	0.039	0.353	0.532
421	1.370	0.304	0.770	0.873
105	2.467	0.093	0.565	0.714
161	2.472	0.130	0.513	0.634
124	2.638	0.103	0.463	0.681
73	2.250	0.077	0.566	0.753
78	2.778	0.166	0.545	0.839
141	2.231	0.150	0.610	0.797
144	1.497	0.135	0.706	0.828
101	2.207	0.102	0.558	0.697
213	2.034	0.341	0.859	0.914
102	1.842	0.088	0.689	0.810
183	1.826	0.157	0.638	0.813
83	2.072	0.074	0.576	0.728
140	2.290	0.107	0.657	0.761
73	3.610	0.057	0.299	0.493
78	2.679	0.073	0.443	0.561
100	1.859	0.082	0.641	0.714
136	2.238	0.109	0.596	0.756
41	4.703	0.032	0.137	0.240
60	3.564	0.048	0.293	0.432
34	4.140	0.034	0.205	0.425
205	1.501	0.167	0.709	0.768
95	2.249	0.079	0.572	0.709
70	3.064	0.059	0.389	0.526
88	2.029	0.080	0.583	0.721
102	1.446	0.116	0.699	0.803
93	3.497	0.070	0.313	0.517
83	2.859	0.071	0.409	0.664
105	2.542	0.093	0.510	0.745
180	2.284	0.153	0.619	0.741
143	2.520	0.112	0.474	0.681
268	1.152	0.203	0.798	0.840
220	1.785	0.163	0.653	0.753
111	2.258	0.097	0.558	0.590
48	3.304	0.039	0.287	0.490
80	1.803	0.085	0.727	0.808
97	2.201	0.080	0.524	0.740
62	3.619	0.052	0.291	0.488
182	2.106	0.165	0.648	0.778
99	2.240	0.082	0.572	0.702
128	0.696	0.098	0.908	0.948
96	2.213	0.081	0.585	0.821
124	1.138	0.113	0.816	0.821
123	2.251	0.107	0.651	0.683
99	1.680	0.086	0.717	0.786
225	2.308	0.198	0.625	0.768
184	1.852	0.143	0.754	0.797
137	2.831	0.109	0.384	0.568
92	2.622	0.100	0.500	0.622
162	1.364	0.290	0.768	0.839
117	2.032	0.107	0.603	0.745
93	2.709	0.078	0.550	0.596
177	2.707	0.137	0.558	0.717
68	2.059	0.060	0.557	0.680
165	1.897	0.135	0.616	0.753
57	3.877	0.051	0.331	0.483
49	2.452	0.075	0.551	0.653
102	2.761	0.158	0.418	0.658
216	1.455	0.283	0.766	0.864
411	1.225	0.382	0.811	0.893
131	1.509	0.115	0.766	0.804
63	1.843	0.054	0.558	0.624
336	1.425	0.280	0.753	0.868
149	1.442	0.140	0.730	0.805
92	1.470	0.080	0.829	0.929
120	0.814	0.114	0.839	0.923
124	2.052	0.110	0.596	0.770
71	1.140	0.093	0.717	0.877
54	3.403	0.050	0.439	0.529
238	0.951	0.206	0.844	0.875
89	2.431	0.084	0.454	0.543
108	2.046	0.094	0.651	0.771
61	3.450	0.053	0.318	0.504
61	2.448	0.059	0.452	0.670
110	3.052	0.082	0.426	0.647
92	2.615	0.089	0.561	0.681
102	2.006	0.100	0.646	0.703
72	3.175	0.060	0.362	0.497
121	2.584	0.120	0.684	0.720
96	2.536	0.083	0.582	0.722
84	2.999	0.083	0.656	0.778
132	1.887	0.147	0.600	0.725
165	1.807	0.186	0.760	0.829
82	1.880	0.087	0.607	0.796
292	1.406	0.349	0.719	0.830
142	1.426	0.151	0.637	0.721
62	2.187	0.063	0.574	0.805
114	1.689	0.107	0.695	0.803
104	1.972	0.094	0.623	0.727
307	1.793	0.348	0.712	0.890
208	2.808	0.263	0.558	0.813
110	3.071	0.089	0.373	0.556
310	0.692	0.245	0.893	0.939
100	2.432	0.082	0.562	0.714
183	1.608	0.143	0.688	0.772
371	1.975	0.312	0.652	0.823
324	1.244	0.458	0.781	0.873
111	1.591	0.109	0.712	0.841
153	1.575	0.129	0.699	0.750
126	1.163	0.102	0.851	0.869
98	2.070	0.100	0.710	0.778
57	2.752	0.054	0.491	0.626
88	2.476	0.094	0.662	0.739
98	1.166	0.088	0.700	0.772
98	0.550	0.092	0.925	0.899
51	3.224	0.052	0.440	0.526
104	1.828	0.085	0.654	0.782
105	1.030	0.097	0.739	0.820
95	2.748	0.076	0.438	0.522
107	2.125	0.099	0.677	0.743
143	1.865	0.135	0.668	0.803
140	1.285	0.131	0.778	0.769
94	3.582	0.081	0.497	0.639
432	1.620	0.331	0.765	0.840
379	0.914	0.315	0.846	0.894
38	2.109	0.063	0.633	0.745
116	2.048	0.105	0.611	0.730
138	1.815	0.129	0.767	0.836
153	1.436	0.147	0.705	0.805
193	2.361	0.184	0.599	0.720
93	1.634	0.107	0.830	0.830
148	1.952	0.116	0.569	0.763
164	2.511	0.152	0.526	0.759
88	2.778	0.076	0.461	0.553
105	2.115	0.082	0.665	0.700
140	2.466	0.114	0.565	0.722
134	1.123	0.114	0.779	0.838
131	2.207	0.117	0.662	0.804
128	1.009	0.112	0.766	0.853
115	3.244	0.094	0.296	0.496
189	3.176	0.253	0.622	0.787
129	2.214	0.114	0.547	0.741
97	1.749	0.084	0.655	0.858
155	3.517	0.173	0.438	0.695
147	2.698	0.125	0.581	0.855
238	2.726	0.293	0.728	0.829
386	1.517	0.265	0.727	0.839
91	2.843	0.079	0.462	0.569
57	4.220	0.070	0.294	0.640
134	3.222	0.094	0.361	0.473
186	2.264	0.144	0.552	0.744
139	2.919	0.102	0.429	0.632
112	1.409	0.087	0.752	0.855
138	2.809	0.116	0.435	0.630
128	2.905	0.115	0.542	0.771
74	2.470	0.068	0.500	0.718
119	2.338	0.101	0.472	0.665
133	2.314	0.104	0.526	0.643
72	1.542	0.090	0.818	0.800
69	2.197	0.058	0.605	0.690
129	3.176	0.098	0.347	0.566
106	2.229	0.094	0.525	0.658
71	3.584	0.067	0.382	0.592
165	2.710	0.128	0.602	0.705
144	2.845	0.109	0.424	0.615
225	1.553	0.197	0.779	0.896
138	1.550	0.140	0.687	0.852
54	3.871	0.049	0.400	0.563
91	3.793	0.097	0.503	0.717
120	2.445	0.102	0.496	0.714
91	2.357	0.090	0.535	0.664
74	2.506	0.060	0.484	0.622
137	2.498	0.114	0.525	0.792
65	3.014	0.057	0.389	0.492
43	4.034	0.034	0.211	0.333
89	2.588	0.082	0.567	0.685
83	1.825	0.084	0.654	0.798
95	1.558	0.095	0.772	0.905
72	3.249	0.078	0.348	0.558
66	2.434	0.061	0.440	0.647
93	2.772	0.082	0.557	0.699
157	1.900	0.141	0.581	0.793
104	1.197	0.093	0.806	0.832
111	2.695	0.095	0.457	0.594
96	2.893	0.078	0.402	0.596
103	1.955	0.114	0.757	0.798
41	3.184	0.034	0.402	0.477
88	0.822	0.105	0.759	0.898
152	1.928	0.139	0.594	0.779
100	2.169	0.094	0.617	0.719
127	2.380	0.116	0.506	0.738
110	2.436	0.104	0.671	0.775
49	3.531	0.054	0.353	0.551
94	2.427	0.084	0.556	0.676
108	2.535	0.097	0.486	0.671
314	1.225	0.233	0.840	0.924
109	1.484	0.083	0.747	0.807
236	1.628	0.191	0.707	0.784
121	2.737	0.093	0.473	0.684
80	3.489	0.072	0.437	0.519
110	2.073	0.107	0.573	0.733
63	3.469	0.053	0.296	0.488
62	2.361	0.051	0.608	0.653
73	3.101	0.070	0.403	0.557
125	2.018	0.149	0.735	0.919
67	3.127	0.066	0.366	0.568
152	2.703	0.129	0.495	0.714
119	1.441	0.122	0.692	0.850
83	2.095	0.082	0.610	0.703
60	2.332	0.064	0.583	0.667
108	2.310	0.100	0.554	0.745
84	2.543	0.080	0.545	0.700
51	2.875	0.052	0.464	0.614
80	2.056	0.072	0.635	0.708
66	2.689	0.063	0.508	0.653
96	1.765	0.088	0.667	0.768
89	1.753	0.090	0.701	0.774
88	2.121	0.092	0.624	0.838
83	3.655	0.078	0.364	0.593
62	1.950	0.063	0.626	0.738
109	1.699	0.087	0.703	0.741
83	1.057	0.085	0.856	0.883
108	1.654	0.094	0.701	0.893
78	1.447	0.074	0.765	0.796
101	1.325	0.090	0.795	0.894
77	1.964	0.060	0.642	0.733
140	2.353	0.111	0.553	0.722
90	1.987	0.082	0.577	0.720
81	2.070	0.074	0.633	0.794
112	1.745	0.092	0.647	0.772
119	2.233	0.105	0.604	0.680
47	2.915	0.044	0.343	0.528
85	1.158	0.080	0.810	0.859
86	2.403	0.080	0.457	0.694
95	2.188	0.081	0.531	0.693
110	1.599	0.094	0.748	0.833
114	2.931	0.094	0.437	0.576
85	2.894	0.074	0.447	0.654
97	1.886	0.080	0.638	0.746
83	1.843	0.070	0.606	0.830
150	1.850	0.115	0.685	0.765
93	1.707	0.079	0.802	0.795
150	1.887	0.125	0.732	0.811
95	1.226	0.126	0.819	0.833
137	1.189	0.145	0.761	0.825
75	2.346	0.056	0.524	0.658
166	1.762	0.145	0.748	0.826
238	1.437	0.187	0.739	0.796
166	1.659	0.138	0.692	0.744
71	3.046	0.069	0.413	0.538
73	2.109	0.060	0.745	0.793
50	2.193	0.065	0.549	0.617
95	2.830	0.086	0.605	0.720
69	1.992	0.059	0.580	0.704
50	5.796	0.043	0.345	0.420
0	170.468	0.000	0.000	NaN
131	1.920	0.115	0.672	0.740
108	2.014	0.098	0.635	0.755
102	1.679	0.082	0.685	0.739
84	2.518	0.069	0.575	0.587
118	0.827	0.106	0.922	0.868
123	2.000	0.106	0.609	0.703
136	0.692	0.117	0.861	0.901
139	1.308	0.114	0.842	0.891
70	1.354	0.056	0.745	0.814
129	1.732	0.117	0.713	0.816
22	3.056	0.023	0.400	0.440
132	1.166	0.113	0.763	0.846
78	2.397	0.065	0.491	0.565
103	1.462	0.085	0.817	0.786
101	1.510	0.087	0.754	0.902
91	1.494	0.077	0.798	0.835
88	2.159	0.074	0.575	0.667
144	0.620	0.118	0.900	0.966
139	1.719	0.106	0.692	0.743
64	2.673	0.055	0.416	0.582
72	3.193	0.065	0.490	0.610
73	1.646	0.058	0.652	0.785
208	0.641	0.166	0.897	0.889
49	2.744	0.041	0.408	0.544
124	2.038	0.096	0.577	0.660
51	2.251	0.043	0.537	0.699
108	1.472	0.085	0.750	0.777
151	1.963	0.113	0.689	0.759
113	2.230	0.092	0.685	0.796
111	0.839	0.093	0.841	0.867
60	2.169	0.059	0.496	0.536
131	1.834	0.104	0.655	0.789
95	2.662	0.072	0.461	0.590
69	3.365	0.056	0.371	0.486
110	2.240	0.086	0.604	0.671
197	0.898	0.143	0.814	0.824
73	2.182	0.060	0.689	0.702
86	2.364	0.065	0.570	0.656
11	4.297	0.009	0.550	0.407
88	1.934	0.079	0.710	0.733
140	1.586	0.111	0.676	0.711
78	2.644	0.062	0.497	0.629
217	1.258	0.160	0.751	0.858
195	1.294	0.148	0.762	0.789
134	1.339	0.101	0.779	0.793
104	2.351	0.079	0.520	0.650
165	1.423	0.130	0.793	0.842
156	1.449	0.115	0.712	0.772
138	0.872	0.115	0.836	0.902
47	2.793	0.036	0.490	0.534
119	0.863	0.115	0.844	0.875
132	0.998	0.121	0.805	0.825
114	2.038	0.105	0.750	0.814
96	2.130	0.098	0.774	0.828
92	2.466	0.078	0.594	0.719
112	1.349	0.088	0.742	0.789
95	1.881	0.079	0.505	0.714
0	213.511	0.000	0.000	NaN
108	1.312	0.114	0.794	0.915
7	4.520	0.007	0.389	0.412
0	301.366	0.000	0.000	NaN
118	0.854	0.107	0.881	0.901
76	2.495	0.065	0.521	0.661
96	1.458	0.077	0.738	0.762
138	1.624	0.113	0.690	0.841
72	3.006	0.057	0.615	0.735
67	2.151	0.076	0.713	0.770
149	1.921	0.126	0.677	0.720
83	2.749	0.069	0.525	0.654
119	1.620	0.095	0.700	0.783
121	1.895	0.102	0.630	0.691
131	0.673	0.142	0.868	0.929
102	1.946	0.084	0.734	0.779
116	1.649	0.096	0.773	0.806
106	1.668	0.094	0.688	0.791
87	2.026	0.083	0.604	0.696
48	4.074	0.041	0.212	0.425
95	6.762	0.079	0.497	0.679
94	1.177	0.111	0.746	0.783
109	1.153	0.093	0.784	0.820
190	1.882	0.149	0.671	0.782
163	1.754	0.156	0.758	0.827
98	0.687	0.085	0.831	0.860
103	1.657	0.085	0.705	0.786
73	2.755	0.061	0.514	0.570
142	0.293	0.126	0.904	0.947
61	2.027	0.082	0.610	0.744
42	3.042	0.039	0.408	0.477
84	2.371	0.076	0.568	0.672
104	2.185	0.088	0.594	0.748
112	1.199	0.103	0.757	0.926
223	0.800	0.189	0.864	0.921
83	1.925	0.078	0.692	0.709
130	1.583	0.114	0.730	0.778
110	1.455	0.103	0.753	0.791
47	2.986	0.052	0.420	0.547
110	0.968	0.092	0.866	0.853
98	1.265	0.084	0.797	0.860
129	1.436	0.125	0.801	0.827
113	2.204	0.103	0.601	0.681
110	2.153	0.106	0.608	0.780
63	2.025	0.059	0.568	0.618
116	1.779	0.101	0.716	0.789
127	1.608	0.122	0.760	0.830
100	1.692	0.085	0.694	0.787
78	1.901	0.067	0.757	0.765
122	1.972	0.113	0.629	0.685
104	1.992	0.094	0.605	0.754
146	1.703	0.121	0.760	0.741
56	2.456	0.050	0.509	0.491
62	2.283	0.149	0.504	0.660
30	4.190	0.028	0.441	0.462
122	1.299	0.105	0.787	0.824
91	1.430	0.166	0.778	0.875
79	1.341	0.085	0.806	0.859
77	2.973	0.066	0.410	0.575
84	1.653	0.064	0.661	0.737
142	2.000	0.113	0.623	0.724
84	1.931	0.071	0.636	0.724
89	1.688	0.073	0.742	0.873
112	1.578	0.088	0.709	0.806
131	1.127	0.107	0.829	0.873
88	1.337	0.078	0.739	0.793
153	2.285	0.136	0.535	0.668
77	1.951	0.059	0.631	0.748
90	1.151	0.072	0.763	0.826
97	1.603	0.079	0.735	0.746
131	1.210	0.101	0.819	0.851
70	3.097	0.059	0.569	0.693
161	1.677	0.150	0.712	0.852
137	3.340	0.116	0.714	0.765
62	2.099	0.051	0.559	0.697
134	0.806	0.119	0.854	0.865
39	3.058	0.063	0.470	0.500
173	0.722	0.144	0.812	0.878
165	1.406	0.157	0.786	0.825
62	3.375	0.060	0.385	0.512
122	1.562	0.098	0.713	0.808
85	2.231	0.069	0.649	0.752
68	3.146	0.064	0.557	0.654
166	1.201	0.142	0.798	0.822
136	1.385	0.120	0.845	0.855
66	2.887	0.057	0.405	0.541
161	1.260	0.146	0.770	0.821
62	2.783	0.057	0.608	0.660
139	1.951	0.116	0.621	0.665
107	0.859	0.099	0.836	0.907
122	2.105	0.107	0.705	0.813
74	2.130	0.061	0.497	0.607
71	2.151	0.059	0.634	0.755
130	2.279	0.119	0.707	0.774
100	2.162	0.113	0.658	0.725
205	1.933	0.180	0.666	0.823
69	2.279	0.058	0.590	0.690
144	2.580	0.128	0.491	0.731
240	1.120	0.190	0.805	0.854
106	1.180	0.097	0.797	0.835
104	1.851	0.100	0.680	0.765
182	1.652	0.165	0.758	0.798
130	1.748	0.110	0.691	0.778
70	2.460	0.073	0.490	0.654
169	1.869	0.131	0.668	0.779
105	1.707	0.093	0.739	0.709
142	1.841	0.121	0.640	0.772
99	2.360	0.080	0.607	0.692
133	2.097	0.099	0.630	0.801
108	2.492	0.085	0.486	0.597
56	2.457	0.048	0.500	0.596
74	3.143	0.064	0.448	0.592
113	1.892	0.098	0.631	0.743
67	3.451	0.053	0.351	0.486
70	2.514	0.070	0.473	0.667
84	2.987	0.063	0.380	0.535
128	3.051	0.106	0.425	0.624
143	2.936	0.130	0.439	0.708
157	2.806	0.117	0.456	0.602
215	1.612	0.188	0.703	0.846
84	2.394	0.073	0.522	0.600
75	3.252	0.069	0.347	0.484
129	2.280	0.114	0.586	0.655
84	2.217	0.077	0.564	0.661
147	2.178	0.119	0.579	0.671
130	2.396	0.099	0.553	0.699
87	1.374	0.077	0.719	0.837
33	3.979	0.036	0.237	0.371
70	2.658	0.068	0.470	0.631
166	1.735	0.158	0.794	0.856
116	1.577	0.117	0.686	0.739
105	1.797	0.098	0.719	0.808
61	2.240	0.053	0.496	0.678
83	3.125	0.066	0.331	0.506
82	2.372	0.072	0.547	0.661
90	2.123	0.091	0.584	0.682
94	1.694	0.104	0.718	0.839
126	0.692	0.106	0.875	0.933
163	2.186	0.126	0.580	0.697
100	1.659	0.089	0.680	0.741
124	2.304	0.104	0.496	0.626
123	1.669	0.102	0.624	0.799
161	1.914	0.138	0.585	0.745
158	2.490	0.134	0.605	0.728
122	3.252	0.109	0.722	0.748
87	1.389	0.075	0.821	0.916
80	2.663	0.069	0.497	0.721
91	1.987	0.084	0.619	0.722
58	2.192	0.046	0.598	0.699
85	1.747	0.080	0.685	0.833
86	2.377	0.082	0.548	0.705
69	3.363	0.061	0.411	0.507
83	2.438	0.090	0.512	0.634
172	1.315	0.148	0.758	0.864
120	2.093	0.108	0.674	0.755
87	2.234	0.079	0.654	0.680
86	2.688	0.082	0.524	0.705
125	1.924	0.107	0.610	0.791
119	1.632	0.099	0.680	0.753
164	1.838	0.147	0.672	0.766
214	1.906	0.193	0.695	0.808
92	1.889	0.090	0.622	0.697
143	1.849	0.127	0.662	0.786
306	0.840	0.223	0.872	0.890
179	1.611	0.161	0.694	0.796
90	2.439	0.083	0.536	0.698
206	1.259	0.185	0.786	0.862
140	2.002	0.161	0.686	0.795
127	2.285	0.128	0.672	0.809
108	1.722	0.122	0.706	0.837
28	4.059	0.029	0.301	0.459
82	1.973	0.086	0.626	0.766
89	2.417	0.089	0.601	0.706
170	1.864	0.158	0.623	0.714
102	2.788	0.082	0.459	0.626
87	2.553	0.085	0.592	0.719
91	1.722	0.083	0.636	0.695
79	2.246	0.063	0.612	0.675
79	2.061	0.082	0.534	0.767
71	2.381	0.075	0.568	0.645
138	3.097	0.132	0.465	0.762
58	2.996	0.054	0.487	0.580
128	1.681	0.118	0.612	0.736
79	1.797	0.080	0.699	0.718
70	2.542	0.069	0.648	0.753
135	1.331	0.105	0.738	0.813
97	1.932	0.099	0.688	0.719
159	2.472	0.121	0.719	0.733
89	2.523	0.084	0.695	0.767
71	2.818	0.067	0.483	0.577
45	3.230	0.042	0.304	0.429
80	3.369	0.079	0.611	0.690
98	1.408	0.085	0.772	0.778
183	1.883	0.147	0.668	0.744
98	1.616	0.085	0.705	0.852
95	1.122	0.098	0.798	0.826
93	1.157	0.106	0.769	0.802
90	2.455	0.092	0.517	0.662
144	1.804	0.128	0.640	0.809
112	1.603	0.112	0.647	0.691
102	2.325	0.087	0.694	0.708
112	2.131	0.114	0.667	0.747
54	1.627	0.131	0.675	0.794
88	1.938	0.101	0.638	0.793
90	1.683	0.088	0.638	0.726
73	2.150	0.083	0.658	0.658
66	2.765	0.065	0.500	0.569
55	2.433	0.051	0.585	0.604
56	2.675	0.060	0.528	0.554
247	1.854	0.196	0.621	0.782
93	2.201	0.098	0.544	0.710
47	3.382	0.051	0.353	0.439
180	1.752	0.186	0.690	0.796
134	1.641	0.133	0.687	0.784
89	1.846	0.114	0.788	0.848
136	2.496	0.110	0.602	0.756
133	2.606	0.116	0.465	0.564
101	3.156	0.093	0.620	0.647
104	1.907	0.113	0.591	0.776
79	2.269	0.082	0.568	0.637
93	1.643	0.090	0.732	0.830
178	2.443	0.156	0.571	0.724
82	3.192	0.093	0.380	0.586
67	3.165	0.065	0.353	0.549
81	4.282	0.072	0.263	0.596
54	2.410	0.045	0.545	0.684
92	1.756	0.079	0.719	0.793
116	1.182	0.099	0.795	0.835
108	1.718	0.088	0.624	0.771
107	0.424	0.114	0.907	0.939
101	1.571	0.095	0.721	0.821
88	1.678	0.071	0.710	0.786
58	2.407	0.059	0.483	0.537
94	1.610	0.090	0.676	0.718
106	1.438	0.093	0.679	0.716
129	0.839	0.123	0.811	0.915
81	1.158	0.080	0.794	0.880
68	1.658	0.068	0.716	0.810
97	1.733	0.096	0.669	0.746
73	2.953	0.075	0.557	0.811
61	2.365	0.056	0.604	0.656
86	1.635	0.093	0.729	0.768
124	1.235	0.109	0.805	0.827
88	2.161	0.078	0.461	0.547
107	1.915	0.110	0.682	0.699
82	1.006	0.078	0.891	0.804
121	1.308	0.106	0.761	0.801
88	1.985	0.071	0.615	0.772
92	1.706	0.088	0.597	0.736
82	2.864	0.075	0.566	0.617
82	2.014	0.073	0.636	0.863
96	2.296	0.089	0.575	0.611
74	2.030	0.069	0.544	0.602
95	2.773	0.081	0.466	0.590
88	1.881	0.081	0.721	0.733
82	2.393	0.078	0.474	0.646
244	0.996	0.385	0.841	0.924
84	2.059	0.067	0.609	0.718
75	2.926	0.066	0.510	0.577
101	1.071	0.102	0.856	0.918
112	0.956	0.101	0.855	0.862
184	1.298	0.152	0.760	0.844
122	2.701	0.108	0.584	0.656
83	2.054	0.082	0.606	0.697
121	1.980	0.102	0.550	0.654
102	0.832	0.091	0.864	0.927
156	1.727	0.125	0.687	0.746
115	1.539	0.102	0.697	0.747
205	1.893	0.165	0.659	0.785
124	2.181	0.107	0.569	0.705
55	2.357	0.058	0.455	0.632
62	2.788	0.059	0.492	0.721
125	2.612	0.127	0.758	0.796
149	3.124	0.150	0.427	0.753
61	3.378	0.050	0.319	0.560
87	1.953	0.092	0.588	0.798
89	2.625	0.087	0.489	0.761
88	2.365	0.077	0.579	0.642
166	2.091	0.136	0.525	0.822
102	2.023	0.083	0.646	0.729
159	2.968	0.125	0.495	0.654
97	0.493	0.086	0.933	0.915
116	1.580	0.098	0.730	0.841
106	2.995	0.089	0.394	0.639
271	2.553	0.249	0.522	0.728
190	2.908	0.142	0.400	0.642
101	3.599	0.080	0.269	0.479
190	2.665	0.146	0.485	0.592
102	2.621	0.090	0.528	0.745
68	2.248	0.075	0.553	0.660
114	2.301	0.099	0.626	0.760
105	1.163	0.081	0.795	0.840
188	1.781	0.156	0.699	0.793
64	3.247	0.054	0.352	0.593
156	2.848	0.119	0.420	0.553
290	2.262	0.208	0.565	0.761
168	0.976	0.185	0.828	0.836
119	1.496	0.124	0.713	0.815
175	1.813	0.163	0.684	0.754
142	2.383	0.110	0.514	0.648
54	2.415	0.044	0.540	0.659
216	1.964	0.167	0.657	0.747
125	2.998	0.108	0.367	0.661
177	2.119	0.137	0.567	0.738
339	1.098	0.268	0.823	0.909
232	2.207	0.189	0.583	0.739
162	2.372	0.138	0.526	0.707
114	1.943	0.100	0.603	0.750
115	1.392	0.099	0.669	0.821
322	1.173	0.234	0.789	0.821
116	2.173	0.099	0.592	0.652
142	2.000	0.141	0.617	0.740
107	2.818	0.102	0.467	0.660
91	3.548	0.087	0.545	0.650
177	1.301	0.148	0.816	0.859
230	1.709	0.187	0.678	0.774
0	253.068	0.000	0.000	NaN
116	1.817	0.101	0.712	0.779
97	1.958	0.085	0.618	0.703
86	1.584	0.092	0.717	0.754
50	2.986	0.060	0.495	0.581
47	2.240	0.060	0.580	0.691
69	2.918	0.063	0.539	0.611
113	2.208	0.106	0.559	0.677
42	2.897	0.042	0.356	0.483
114	0.707	0.096	0.814	0.857
205	2.503	0.149	0.524	0.666
517	1.218	0.334	0.794	0.873
144	1.362	0.109	0.720	0.837
237	1.560	0.174	0.710	0.795
216	2.104	0.157	0.547	0.720
489	1.646	0.319	0.721	0.862
65	1.607	0.117	0.747	0.691
142	1.412	0.108	0.689	0.807
153	1.488	0.118	0.732	0.801
161	2.500	0.124	0.508	0.629
135	1.982	0.123	0.685	0.808
176	3.327	0.119	0.353	0.561
239	2.702	0.164	0.425	0.677
162	2.574	0.119	0.508	0.630
147	3.830	0.099	0.229	0.559
88	2.235	0.068	0.579	0.733
63	4.424	0.043	0.098	0.414
112	1.639	0.118	0.824	0.794
125	2.271	0.098	0.530	0.735
91	3.520	0.068	0.337	0.576
103	3.812	0.077	0.227	0.545
113	1.576	0.086	0.720	0.801
99	2.676	0.076	0.463	0.733
47	3.925	0.036	0.197	0.420
154	3.325	0.106	0.323	0.642
238	1.885	0.191	0.588	0.778
226	2.581	0.162	0.524	0.667
289	2.222	0.222	0.606	0.769
334	2.010	0.287	0.700	0.895
185	2.358	0.167	0.500	0.758
264	1.695	0.199	0.662	0.830
73	2.924	0.066	0.477	0.613
89	2.377	0.090	0.456	0.645
145	3.258	0.127	0.351	0.694
22	3.920	0.042	0.216	0.449
127	2.075	0.111	0.585	0.789
107	3.435	0.095	0.480	0.598
100	2.547	0.097	0.633	0.680
79	4.606	0.105	0.664	0.767
120	3.143	0.107	0.376	0.710
177	3.125	0.138	0.366	0.656
274	2.799	0.193	0.450	0.783
87	2.937	0.080	0.405	0.713
147	3.945	0.177	0.551	0.746
99	1.074	0.079	0.798	0.876
99	3.454	0.084	0.343	0.524
199	3.014	0.156	0.393	0.703
75	3.280	0.076	0.325	0.586
148	0.800	0.138	0.886	0.902
88	3.734	0.071	0.227	0.550
63	3.179	0.053	0.399	0.508
118	2.230	0.116	0.641	0.674
74	1.410	0.064	0.747	0.771
147	2.244	0.128	0.590	0.687
107	1.397	0.087	0.738	0.787
160	3.767	0.205	0.375	0.780
239	1.701	0.221	0.664	0.810
81	1.981	0.068	0.717	0.717
177	1.917	0.155	0.639	0.720
75	1.758	0.066	0.743	0.806
104	4.176	0.091	0.484	0.662
107	3.914	0.085	0.549	0.608
182	0.626	0.137	0.915	0.915
96	1.194	0.095	0.873	0.873
99	1.133	0.104	0.811	0.917
160	1.210	0.125	0.796	0.856
114	0.431	0.100	0.919	0.942
0	178.861	0.000	0.000	NaN
135	0.813	0.124	0.865	0.877
0	98.824	0.000	0.000	0.000
130	1.879	0.115	0.778	0.760
80	1.490	0.073	0.721	0.842
136	1.603	0.135	0.705	0.795
105	0.744	0.110	0.833	0.890
227	1.104	0.207	0.805	0.880
176	1.393	0.186	0.811	0.863
256	0.981	0.213	0.839	0.892
92	1.356	0.072	0.780	0.793
169	1.736	0.149	0.704	0.797
75	1.396	0.071	0.798	0.893
111	1.170	0.089	0.760	0.810
95	1.259	0.087	0.812	0.880
334	2.010	0.287	0.700	0.895
185	2.358	0.167	0.500	0.758
264	1.695	0.199	0.662	0.830