95	4.423	0.058	0.565	0.579
122	2.737	0.050	0.521	0.589
156	1.757	0.069	0.712	0.716
120	2.434	0.056	0.519	0.690
135	1.536	0.062	0.726	0.794
126	1.483	0.053	0.750	0.787
141	1.469	0.070	0.734	0.839
128	1.605	0.066	0.771	0.740
82	2.172	0.033	0.651	0.732
138	1.827	0.064	0.680	0.784
116	2.228	0.057	0.707	0.753
234	0.470	0.135	0.921	0.947
141	2.390	0.064	0.547	0.681
132	2.301	0.058	0.532	0.698
95	2.140	0.043	0.485	0.655
176	1.142	0.081	0.871	0.889
150	2.690	0.062	0.500	0.676
112	2.081	0.062	0.583	0.659
108	0.875	0.071	0.850	0.893
141	1.643	0.061	0.723	0.783
131	2.464	0.065	0.590	0.701
108	2.287	0.057	0.590	0.632
117	2.703	0.062	0.522	0.661
119	2.306	0.070	0.592	0.758
112	2.180	0.053	0.609	0.696
164	2.236	0.072	0.641	0.792
147	1.590	0.077	0.739	0.808
108	1.649	0.072	0.783	0.850
118	1.773	0.062	0.663	0.819
95	2.564	0.056	0.522	0.704
97	1.997	0.052	0.655	0.770
140	2.379	0.066	0.558	0.700
126	1.507	0.071	0.803	0.857
86	2.712	0.048	0.489	0.741
152	1.371	0.074	0.804	0.840
220	1.208	0.090	0.837	0.884
149	0.965	0.076	0.832	0.882
175	2.345	0.085	0.670	0.850
117	2.738	0.055	0.462	0.557
97	1.955	0.044	0.638	0.713
151	1.610	0.060	0.689	0.795
192	1.909	0.081	0.676	0.765
102	1.809	0.052	0.662	0.785
130	2.320	0.069	0.549	0.707
113	1.780	0.058	0.769	0.807
155	2.016	0.080	0.554	0.692
163	1.525	0.091	0.731	0.791
176	2.550	0.071	0.518	0.693
123	0.871	0.052	0.891	0.891
96	2.668	0.047	0.457	0.545
126	2.223	0.051	0.589	0.728
179	1.928	0.086	0.710	0.696
158	3.095	0.064	0.457	0.590
104	2.316	0.042	0.594	0.630
114	2.406	0.062	0.491	0.704
130	1.921	0.057	0.599	0.714
134	1.807	0.052	0.680	0.775
69	3.019	0.040	0.411	0.500
195	2.691	0.077	0.609	0.722
121	2.656	0.060	0.465	0.684
202	2.255	0.094	0.553	0.719
223	2.296	0.091	0.618	0.761
89	2.568	0.037	0.454	0.497
69	2.877	0.046	0.552	0.622
132	1.768	0.069	0.815	0.786
205	2.179	0.095	0.672	0.785
127	3.285	0.052	0.391	0.506
83	2.595	0.040	0.509	0.619
84	3.503	0.039	0.368	0.522
185	1.677	0.092	0.734	0.837
172	2.867	0.079	0.442	0.683
133	2.024	0.057	0.686	0.743
141	2.139	0.068	0.616	0.750
157	2.842	0.090	0.518	0.671
198	1.940	0.082	0.683	0.822
173	1.464	0.074	0.794	0.874
166	2.850	0.070	0.468	0.626
176	3.051	0.070	0.409	0.559
181	3.154	0.070	0.374	0.531
104	3.249	0.044	0.322	0.498
157	2.277	0.070	0.561	0.631
163	3.876	0.062	0.243	0.508
226	3.113	0.092	0.396	0.648
154	1.861	0.072	0.658	0.681
150	2.981	0.064	0.452	0.625
135	3.700	0.056	0.238	0.434
186	2.738	0.077	0.454	0.633
63	3.512	0.032	0.260	0.438
96	3.136	0.051	0.349	0.487
150	1.821	0.069	0.655	0.838
94	4.208	0.060	0.584	0.740
105	3.011	0.047	0.390	0.660
265	1.820	0.110	0.681	0.823
81	4.849	0.037	0.207	0.349
89	2.228	0.047	0.605	0.706
120	2.731	0.062	0.498	0.615
83	3.205	0.052	0.376	0.568
187	2.304	0.097	0.588	0.708
208	2.242	0.110	0.776	0.874
122	1.876	0.067	0.744	0.772
183	2.187	0.096	0.585	0.688
145	3.148	0.064	0.406	0.602
182	2.570	0.074	0.496	0.682
111	3.058	0.050	0.448	0.590
152	3.631	0.058	0.270	0.479
148	3.530	0.061	0.337	0.563
181	2.809	0.075	0.456	0.668
86	3.132	0.037	0.408	0.558
156	3.201	0.061	0.453	0.602
125	1.027	0.066	0.845	0.817
183	2.571	0.077	0.492	0.712
90	3.794	0.038	0.317	0.452
152	2.633	0.109	0.741	0.788
102	2.368	0.086	0.554	0.750
130	2.511	0.055	0.544	0.647
148	3.293	0.062	0.347	0.604
277	2.431	0.122	0.551	0.739
205	2.629	0.097	0.641	0.813
130	4.104	0.050	0.217	0.447
215	1.884	0.097	0.646	0.757
178	2.292	0.106	0.638	0.774
129	2.412	0.051	0.512	0.662
244	2.513	0.100	0.537	0.726
148	2.313	0.065	0.505	0.718
162	2.319	0.067	0.566	0.723
120	2.481	0.082	0.506	0.659
177	3.213	0.086	0.336	0.681
177	3.153	0.085	0.444	0.615
129	2.730	0.056	0.492	0.705
177	2.102	0.084	0.686	0.827
156	2.703	0.070	0.508	0.681
168	2.830	0.082	0.426	0.566
195	2.578	0.100	0.540	0.709
79	3.678	0.038	0.228	0.366
178	3.504	0.072	0.269	0.548
147	2.822	0.066	0.452	0.618
111	2.829	0.059	0.569	0.600
149	2.795	0.063	0.409	0.659
91	2.699	0.051	0.464	0.636
152	2.974	0.064	0.559	0.710
129	3.391	0.072	0.417	0.603
118	3.274	0.054	0.333	0.562
117	2.039	0.063	0.606	0.676
165	2.218	0.072	0.545	0.668
154	1.809	0.082	0.675	0.762
177	2.749	0.087	0.639	0.932
151	2.776	0.081	0.549	0.702
145	1.929	0.069	0.636	0.763
136	2.644	0.060	0.571	0.697
117	2.050	0.054	0.636	0.722
130	2.321	0.070	0.535	0.640
225	2.322	0.100	0.598	0.738
137	2.706	0.075	0.471	0.628
182	1.949	0.085	0.662	0.774
114	3.663	0.051	0.330	0.535
123	3.025	0.072	0.424	0.651
104	2.761	0.050	0.520	0.598
145	3.149	0.054	0.412	0.541
189	2.521	0.078	0.540	0.705
144	2.258	0.070	0.600	0.766
73	5.347	0.031	0.235	0.367
234	2.096	0.101	0.641	0.760
110	3.017	0.045	0.403	0.604
175	2.534	0.066	0.559	0.717
78	3.682	0.033	0.342	0.443
131	3.249	0.058	0.662	0.740
120	2.502	0.052	0.563	0.628
81	4.056	0.037	0.263	0.485
97	2.815	0.050	0.443	0.591
157	2.117	0.075	0.623	0.758
76	2.597	0.044	0.644	0.745
111	2.297	0.054	0.569	0.694
118	1.985	0.067	0.602	0.761
116	2.904	0.051	0.434	0.624
168	1.641	0.078	0.694	0.767
189	2.096	0.081	0.618	0.791
157	3.017	0.057	0.421	0.643
124	1.773	0.072	0.656	0.785
158	2.222	0.067	0.552	0.712
148	1.824	0.061	0.722	0.787
126	2.041	0.069	0.813	0.894
119	3.091	0.055	0.580	0.680
103	3.118	0.055	0.526	0.595
209	1.857	0.086	0.697	0.846
82	3.088	0.034	0.350	0.582
125	1.441	0.068	0.786	0.856
110	2.054	0.060	0.719	0.803
115	2.018	0.053	0.593	0.669
110	10.981	0.067	0.769	0.880
189	3.217	0.083	0.374	0.614
204	1.458	0.087	0.767	0.816
182	1.567	0.081	0.771	0.746
150	2.010	0.063	0.649	0.761
186	1.671	0.087	0.684	0.802
154	1.180	0.079	0.786	0.870
169	1.500	0.074	0.728	0.790
113	2.127	0.066	0.601	0.774
153	3.086	0.059	0.389	0.595
181	1.058	0.087	0.854	0.850
61	3.073	0.034	0.488	0.565
87	3.726	0.038	0.256	0.361
142	3.332	0.058	0.345	0.532
94	2.922	0.043	0.480	0.547
225	0.414	0.105	0.922	0.930
106	2.385	0.053	0.599	0.711
74	3.203	0.035	0.400	0.569
126	1.291	0.057	0.813	0.846
122	2.003	0.062	0.674	0.748
154	1.287	0.082	0.806	0.846
119	2.256	0.054	0.657	0.704
109	4.663	0.052	0.626	0.708
109	2.436	0.048	0.599	0.741
159	2.453	0.069	0.520	0.691
123	3.289	0.058	0.367	0.644
123	2.771	0.057	0.537	0.687
225	2.405	0.082	0.526	0.654
122	1.949	0.065	0.587	0.739
195	2.534	0.078	0.540	0.704
145	4.173	0.066	0.232	0.456
83	4.393	0.033	0.152	0.379
95	3.168	0.050	0.444	0.605
115	3.622	0.045	0.305	0.460
59	3.661	0.030	0.663	0.678
200	1.106	0.104	0.784	0.866
205	3.884	0.070	0.220	0.518
202	3.378	0.078	0.316	0.560
175	3.435	0.071	0.361	0.583
148	1.690	0.064	0.715	0.836
158	3.045	0.071	0.568	0.715
133	2.433	0.054	0.588	0.672
103	3.777	0.048	0.406	0.493
119	2.272	0.062	0.578	0.661
123	2.599	0.052	0.683	0.804
88	3.500	0.042	0.325	0.381
186	2.029	0.078	0.644	0.724
144	2.016	0.068	0.686	0.766
99	2.575	0.051	0.513	0.635
136	3.109	0.054	0.401	0.546
135	1.273	0.073	0.767	0.906
115	1.566	0.057	0.788	0.833
176	2.239	0.081	0.664	0.779
90	2.399	0.051	0.672	0.738
112	2.718	0.051	0.500	0.651
194	1.678	0.098	0.833	0.862
92	3.041	0.040	0.458	0.538
199	3.926	0.084	0.408	0.696
152	2.363	0.079	0.664	0.738
189	1.341	0.103	0.705	0.794
136	2.404	0.066	0.567	0.708
166	1.706	0.081	0.834	0.810
156	2.611	0.076	0.489	0.624
142	1.889	0.064	0.643	0.789
171	1.849	0.086	0.842	0.872
154	1.829	0.065	0.653	0.794
198	0.672	0.087	0.880	0.900
132	2.383	0.062	0.537	0.714
185	1.634	0.090	0.791	0.819
146	1.858	0.066	0.709	0.885
149	1.855	0.069	0.716	0.805
196	1.214	0.084	0.781	0.845
167	1.747	0.081	0.625	0.723
129	2.198	0.065	0.658	0.777
104	3.488	0.044	0.337	0.520
176	1.526	0.081	0.743	0.859
144	1.702	0.074	0.818	0.889
167	1.388	0.096	0.803	0.839
136	1.496	0.064	0.855	0.850
89	4.459	0.044	0.520	0.589
128	2.701	0.060	0.496	0.677
105	2.466	0.054	0.583	0.665
183	2.433	0.081	0.627	0.729
131	2.116	0.057	0.697	0.716
162	1.736	0.078	0.698	0.848
97	2.880	0.038	0.447	0.567
165	2.307	0.063	0.494	0.705
104	2.711	0.058	0.630	0.759
180	1.818	0.109	0.738	0.807
123	2.716	0.058	0.490	0.665
111	1.928	0.060	0.558	0.716
163	2.363	0.074	0.536	0.807
118	2.268	0.075	0.638	0.771
85	3.344	0.054	0.506	0.708
94	3.144	0.060	0.392	0.566
96	2.641	0.044	0.471	0.627
189	1.745	0.082	0.811	0.859
181	1.538	0.086	0.736	0.815
93	2.741	0.039	0.571	0.650
207	2.037	0.080	0.618	0.739
257	1.681	0.128	0.728	0.871
204	2.135	0.087	0.664	0.767
116	1.582	0.061	0.739	0.800
112	2.138	0.053	0.544	0.687
127	2.487	0.059	0.605	0.779
127	1.689	0.061	0.726	0.809
111	3.332	0.048	0.333	0.587
133	3.149	0.055	0.410	0.596
133	2.630	0.061	0.550	0.643
100	3.055	0.047	0.427	0.568
173	1.920	0.077	0.653	0.752
101	3.044	0.050	0.510	0.605
168	3.666	0.072	0.298	0.573
175	4.442	0.084	0.226	0.678
139	2.197	0.057	0.659	0.732
139	2.521	0.071	0.504	0.659
123	2.810	0.063	0.521	0.724
153	2.760	0.068	0.468	0.686
135	2.866	0.069	0.458	0.665
99	3.913	0.044	0.243	0.444
131	2.576	0.063	0.535	0.627
104	1.811	0.060	0.707	0.743
81	3.397	0.036	0.283	0.479
104	2.755	0.062	0.466	0.630
129	2.434	0.064	0.566	0.655
143	2.468	0.078	0.528	0.769
72	3.020	0.040	0.353	0.493
208	2.407	0.075	0.562	0.722
131	2.465	0.076	0.630	0.724
132	2.510	0.076	0.512	0.680
107	3.805	0.054	0.312	0.560
207	2.311	0.092	0.586	0.755
111	2.763	0.049	0.519	0.689
178	2.310	0.100	0.571	0.698
134	3.144	0.063	0.380	0.615
99	3.764	0.051	0.319	0.493
182	2.642	0.075	0.479	0.677
211	2.561	0.081	0.545	0.674
134	3.258	0.058	0.338	0.578
111	2.311	0.074	0.519	0.721
71	3.810	0.033	0.372	0.486
136	2.558	0.054	0.455	0.613
140	2.791	0.067	0.479	0.673
75	3.032	0.051	0.375	0.543
114	2.754	0.056	0.525	0.655
163	2.100	0.077	0.615	0.751
129	2.347	0.060	0.516	0.717
230	1.067	0.119	0.796	0.891
141	2.071	0.057	0.766	0.825
98	4.023	0.041	0.238	0.408
129	2.251	0.061	0.492	0.597
101	3.519	0.063	0.447	0.601
119	3.084	0.059	0.451	0.613
171	3.132	0.083	0.580	0.781
103	1.583	0.041	0.752	0.811
75	3.861	0.048	0.403	0.500
73	3.356	0.052	0.716	0.682
211	4.269	0.070	0.182	0.531
205	3.077	0.087	0.331	0.607
143	2.239	0.090	0.730	0.794
103	0.625	0.052	0.945	0.873
79	2.166	0.043	0.590	0.675
178	1.270	0.102	0.805	0.873
117	2.164	0.055	0.657	0.741
111	1.732	0.058	0.771	0.810
152	1.407	0.083	0.854	0.884
118	1.749	0.063	0.711	0.752
141	1.512	0.075	0.746	0.834
117	2.010	0.076	0.755	0.731
130	2.100	0.066	0.695	0.793
108	1.522	0.060	0.725	0.871
129	1.103	0.052	0.866	0.949
153	1.473	0.086	0.827	0.845
140	1.576	0.079	0.733	0.870
138	1.768	0.081	0.680	0.831
133	1.982	0.077	0.636	0.682
124	2.408	0.058	0.554	0.670
167	2.790	0.075	0.483	0.609
138	2.798	0.060	0.413	0.624
207	2.766	0.083	0.481	0.685
282	1.896	0.109	0.648	0.756
140	3.151	0.059	0.442	0.611
178	2.508	0.081	0.473	0.647
149	2.578	0.056	0.490	0.616
194	2.173	0.090	0.630	0.719
139	2.986	0.060	0.471	0.604
214	3.391	0.085	0.370	0.679
100	3.844	0.048	0.340	0.478
142	2.882	0.055	0.469	0.626
266	2.175	0.113	0.594	0.743
145	3.074	0.055	0.442	0.639
96	2.495	0.051	0.527	0.600
76	3.845	0.033	0.302	0.500
185	2.699	0.079	0.446	0.673
179	4.619	0.072	0.336	0.534
194	2.507	0.088	0.556	0.713
129	2.449	0.083	0.822	0.849
136	2.555	0.061	0.486	0.708
195	1.331	0.078	0.756	0.793
159	2.763	0.060	0.495	0.576
108	2.273	0.050	0.614	0.777
129	3.554	0.057	0.354	0.485
144	1.700	0.068	0.696	0.787
87	3.819	0.038	0.274	0.463
112	2.947	0.053	0.450	0.549
110	3.158	0.050	0.514	0.692
103	3.176	0.042	0.433	0.636
109	2.628	0.055	0.609	0.703
122	2.393	0.066	0.646	0.782
94	2.395	0.051	0.627	0.723
155	2.747	0.071	0.502	0.698
125	1.246	0.055	0.828	0.850
186	2.055	0.077	0.622	0.738
113	1.595	0.053	0.720	0.825
106	2.384	0.048	0.667	0.757
145	1.424	0.067	0.725	0.801
143	2.084	0.056	0.653	0.777
141	1.978	0.067	0.695	0.754
132	2.451	0.056	0.520	0.695
119	2.469	0.053	0.527	0.672
132	2.190	0.057	0.641	0.733
161	1.528	0.071	0.809	0.861
198	1.350	0.082	0.786	0.802
149	2.799	0.068	0.519	0.659
189	1.788	0.080	0.680	0.797
139	3.542	0.059	0.337	0.513
168	1.878	0.075	0.675	0.808
150	1.195	0.073	0.773	0.829
151	0.938	0.069	0.873	0.893
147	1.301	0.068	0.799	0.840
139	1.941	0.070	0.678	0.768
140	2.192	0.061	0.757	0.725
144	2.190	0.065	0.618	0.664
141	2.268	0.067	0.616	0.758
238	1.200	0.097	0.815	0.878
131	2.119	0.067	0.682	0.804
93	2.869	0.044	0.547	0.604
124	1.173	0.062	0.816	0.821
146	2.042	0.060	0.764	0.807
103	1.929	0.042	0.696	0.792
105	2.015	0.048	0.660	0.750
104	1.374	0.050	0.738	0.788
106	2.739	0.050	0.564	0.707
95	2.196	0.040	0.495	0.597
132	1.708	0.052	0.667	0.772
143	2.426	0.054	0.552	0.694
131	1.273	0.059	0.868	0.834
114	1.501	0.051	0.765	0.820
146	1.823	0.058	0.661	0.760
148	1.280	0.060	0.775	0.886
89	2.405	0.040	0.549	0.669
176	3.083	0.070	0.398	0.525
124	2.656	0.050	0.521	0.670
114	2.327	0.045	0.600	0.731
170	1.896	0.070	0.637	0.746
209	1.980	0.092	0.659	0.755
237	1.241	0.106	0.806	0.849
91	1.513	0.040	0.827	0.850
147	2.119	0.062	0.821	0.774
130	2.534	0.056	0.500	0.628
102	2.344	0.045	0.586	0.680
174	1.440	0.073	0.737	0.757
109	2.578	0.045	0.542	0.699
119	2.618	0.047	0.589	0.684
96	2.230	0.050	0.508	0.593
89	3.398	0.034	0.578	0.654
148	2.184	0.060	0.578	0.679
125	3.098	0.049	0.512	0.651
96	3.348	0.050	0.615	0.727
148	2.486	0.098	0.755	0.809
78	3.721	0.041	0.230	0.358
105	2.843	0.048	0.500	0.625
134	2.881	0.075	0.432	0.612
148	1.860	0.115	0.914	0.925
184	1.922	0.071	0.684	0.773
121	2.702	0.090	0.573	0.738
166	1.642	0.076	0.722	0.834
224	0.747	0.110	0.903	0.929
154	1.604	0.072	0.755	0.802
190	1.007	0.075	0.868	0.876
140	1.435	0.065	0.765	0.838
153	2.747	0.065	0.498	0.765
128	1.733	0.067	0.762	0.831
78	2.353	0.031	0.645	0.453
136	2.954	0.055	0.425	0.607
123	2.720	0.057	0.564	0.668
124	1.701	0.051	0.770	0.821
119	1.673	0.055	0.647	0.739
105	1.233	0.063	0.840	0.827
123	2.518	0.067	0.575	0.707
140	1.743	0.079	0.707	0.778
122	1.661	0.063	0.701	0.767
161	0.925	0.067	0.839	0.920
164	1.385	0.071	0.752	0.816
198	1.946	0.083	0.717	0.742
147	1.801	0.059	0.693	0.774
163	1.310	0.074	0.845	0.836
197	1.543	0.085	0.730	0.817
213	1.543	0.111	0.775	0.832
149	2.463	0.056	0.616	0.710
111	2.162	0.056	0.725	0.782
221	1.754	0.098	0.781	0.807
130	1.771	0.060	0.699	0.756
196	0.803	0.094	0.899	0.920
89	3.480	0.043	0.428	0.486
184	0.996	0.073	0.852	0.864
99	1.914	0.046	0.669	0.773
161	0.697	0.069	0.936	0.920
123	1.257	0.058	0.788	0.799
186	0.493	0.076	0.907	0.912
155	1.623	0.077	0.787	0.829
196	0.465	0.084	0.920	0.938
197	1.304	0.091	0.845	0.864
183	2.709	0.069	0.493	0.579
233	1.823	0.091	0.671	0.779
141	2.131	0.057	0.613	0.727
151	2.532	0.060	0.555	0.677
122	3.205	0.048	0.500	0.632
131	2.817	0.050	0.413	0.582
101	2.423	0.039	0.540	0.697
82	4.133	0.032	0.300	0.374
106	2.296	0.042	0.530	0.684
179	1.807	0.078	0.708	0.799
132	1.747	0.055	0.641	0.772
225	1.555	0.086	0.760	0.862
81	2.159	0.032	0.604	0.711
122	1.098	0.053	0.797	0.841
214	0.951	0.090	0.859	0.915
185	1.749	0.076	0.731	0.752
130	2.161	0.050	0.677	0.774
181	1.507	0.068	0.713	0.815
154	0.847	0.060	0.828	0.911
180	1.329	0.070	0.763	0.789
186	1.623	0.076	0.750	0.759
167	0.850	0.065	0.861	0.928
204	0.665	0.086	0.923	0.936
110	1.495	0.058	0.786	0.821
216	1.660	0.109	0.800	0.861
105	2.475	0.047	0.528	0.614
139	3.399	0.056	0.460	0.621
141	2.531	0.059	0.496	0.647
85	2.980	0.036	0.415	0.545
148	1.727	0.058	0.718	0.779
132	2.301	0.062	0.571	0.729
94	3.242	0.039	0.450	0.556
190	1.001	0.087	0.941	0.880
218	3.137	0.080	0.524	0.799
175	1.363	0.065	0.764	0.742
191	1.201	0.084	0.789	0.860
126	2.351	0.052	0.700	0.716
136	1.831	0.058	0.747	0.791
101	1.311	0.044	0.748	0.871
135	2.639	0.056	0.634	0.696
154	2.685	0.068	0.616	0.759
125	1.625	0.052	0.718	0.817
95	3.561	0.035	0.455	0.569
209	2.795	0.078	0.502	0.608
139	2.024	0.063	0.653	0.751
94	3.411	0.038	0.495	0.563
201	2.109	0.075	0.655	0.747
173	1.338	0.078	0.861	0.901
151	1.446	0.067	0.821	0.844
198	2.032	0.092	0.643	0.802
150	2.503	0.067	0.538	0.754
107	2.296	0.044	0.560	0.682
147	2.819	0.057	0.448	0.628
113	1.501	0.058	0.677	0.774
126	2.316	0.055	0.543	0.624
103	3.203	0.048	0.560	0.640
93	1.711	0.048	0.650	0.762
100	2.771	0.053	0.481	0.575
67	4.037	0.031	0.387	0.427
97	1.023	0.060	0.836	0.851
129	1.579	0.065	0.832	0.816
151	3.390	0.060	0.495	0.614
277	1.242	0.112	0.832	0.845
176	1.728	0.075	0.762	0.804
153	2.392	0.067	0.586	0.588
117	2.634	0.058	0.406	0.571
151	1.811	0.075	0.740	0.839
73	2.662	0.034	0.453	0.608
92	3.244	0.040	0.352	0.453
126	2.456	0.061	0.570	0.716
125	3.381	0.046	0.336	0.453
142	2.675	0.076	0.683	0.703
170	0.948	0.084	0.895	0.909
208	2.219	0.098	0.682	0.788
119	2.302	0.056	0.661	0.758
120	2.971	0.046	0.571	0.622
137	2.395	0.062	0.614	0.710
120	2.680	0.065	0.449	0.553
96	1.202	0.054	0.756	0.857
93	3.106	0.063	0.484	0.641
251	1.655	0.112	0.711	0.789
112	3.106	0.047	0.475	0.619
183	1.733	0.077	0.715	0.813
226	1.523	0.094	0.790	0.846
121	2.624	0.053	0.680	0.766
180	1.942	0.073	0.641	0.729
137	1.563	0.053	0.783	0.801
155	3.112	0.069	0.550	0.677
165	2.509	0.062	0.618	0.760
199	1.563	0.081	0.703	0.869
199	1.358	0.095	0.765	0.881
87	2.559	0.037	0.455	0.617
217	1.165	0.112	0.813	0.886
150	1.834	0.060	0.704	0.758
158	1.623	0.083	0.684	0.782
100	2.992	0.049	0.418	0.578
124	2.397	0.054	0.559	0.678
156	2.081	0.061	0.684	0.719
111	3.215	0.051	0.502	0.572
176	1.974	0.087	0.640	0.724
191	1.686	0.090	0.729	0.789
156	3.376	0.072	0.557	0.612
167	2.645	0.077	0.534	0.739
177	3.016	0.082	0.472	0.639
186	0.814	0.088	0.899	0.903
132	2.280	0.063	0.698	0.795
164	2.222	0.063	0.571	0.707
166	2.143	0.085	0.608	0.741
106	1.499	0.047	0.779	0.797
71	2.743	0.035	0.470	0.612
98	2.117	0.061	0.784	0.838
121	2.929	0.052	0.409	0.540
178	1.760	0.094	0.748	0.795
128	2.534	0.051	0.559	0.670
164	2.393	0.067	0.547	0.667
210	2.893	0.097	0.491	0.722
125	2.417	0.063	0.581	0.687
94	1.690	0.049	0.790	0.740
87	3.080	0.058	0.424	0.544
122	7.271	0.072	0.517	0.705
193	2.750	0.096	0.541	0.704
111	1.774	0.056	0.703	0.822
143	2.574	0.067	0.474	0.601
231	2.541	0.089	0.513	0.711
125	2.364	0.052	0.772	0.758
161	1.193	0.083	0.778	0.875
144	2.763	0.082	0.658	0.796
180	1.852	0.090	0.674	0.829
176	2.416	0.070	0.566	0.793
89	2.723	0.040	0.456	0.654
94	3.176	0.038	0.315	0.566
133	2.265	0.054	0.552	0.662
169	3.169	0.072	0.382	0.643
221	2.529	0.096	0.501	0.778
147	3.005	0.059	0.430	0.659
179	2.185	0.079	0.577	0.752
142	2.931	0.054	0.509	0.626
120	2.426	0.057	0.526	0.745
105	3.674	0.049	0.447	0.610
131	2.753	0.059	0.458	0.590
170	2.057	0.069	0.651	0.705
107	3.842	0.047	0.338	0.426
121	3.271	0.072	0.695	0.756
119	2.680	0.049	0.474	0.753
152	2.610	0.060	0.519	0.756
147	2.605	0.060	0.516	0.690
151	2.334	0.072	0.624	0.751
124	2.462	0.063	0.528	0.663
143	2.690	0.058	0.485	0.630
190	1.587	0.079	0.766	0.782
121	2.979	0.051	0.394	0.599
113	2.088	0.054	0.604	0.711
138	3.375	0.063	0.433	0.585
102	2.474	0.047	0.634	0.680
143	2.267	0.067	0.563	0.719
138	2.117	0.067	0.582	0.723
145	3.356	0.071	0.492	0.697
144	1.157	0.064	0.823	0.862
184	1.934	0.080	0.700	0.716
168	1.912	0.080	0.611	0.785
151	2.224	0.067	0.604	0.712
162	3.365	0.065	0.361	0.561
114	1.966	0.059	0.626	0.687
100	2.257	0.071	0.559	0.699
141	2.372	0.070	0.613	0.716
136	1.222	0.056	0.795	0.850
121	2.297	0.067	0.587	0.720
78	3.846	0.043	0.419	0.513
181	1.459	0.076	0.730	0.815
107	2.286	0.049	0.552	0.626
157	2.847	0.068	0.616	0.707
54	3.894	0.022	0.318	0.370
100	2.460	0.058	0.602	0.617
221	1.435	0.129	0.798	0.813
123	3.599	0.066	0.506	0.647
179	1.472	0.079	0.817	0.829
179	1.847	0.075	0.576	0.678
171	2.179	0.086	0.564	0.731
153	1.151	0.091	0.814	0.832
112	1.792	0.048	0.700	0.836
195	1.382	0.126	0.823	0.844
162	2.243	0.066	0.675	0.768
201	2.327	0.086	0.554	0.747
144	1.522	0.069	0.724	0.791
113	3.012	0.066	0.541	0.657
193	2.283	0.085	0.541	0.745
106	2.385	0.043	0.576	0.752
146	2.438	0.067	0.512	0.676
66	3.142	0.037	0.337	0.458
159	1.786	0.097	0.665	0.807
92	4.292	0.046	0.230	0.482
258	2.132	0.097	0.597	0.752
77	2.954	0.033	0.352	0.542
75	2.852	0.039	0.436	0.514
76	3.748	0.036	0.330	0.413
172	1.615	0.073	0.729	0.847
173	1.486	0.067	0.772	0.832
141	1.796	0.069	0.668	0.719
111	2.910	0.057	0.566	0.725
114	2.268	0.056	0.600	0.699
179	2.217	0.074	0.611	0.728
112	1.467	0.055	0.732	0.794
155	1.554	0.070	0.731	0.807
168	2.134	0.074	0.661	0.792
186	2.005	0.078	0.718	0.809
111	1.754	0.047	0.653	0.828
164	1.352	0.068	0.752	0.785
129	2.412	0.070	0.551	0.648
125	3.062	0.053	0.598	0.648
122	1.841	0.056	0.656	0.735
88	2.499	0.040	0.537	0.642
103	2.667	0.051	0.640	0.792
186	1.224	0.078	0.802	0.857
271	1.720	0.108	0.669	0.816
95	1.259	0.077	0.812	0.841
112	1.786	0.057	0.732	0.757
130	3.405	0.059	0.421	0.619
108	2.032	0.056	0.692	0.720
71	1.874	0.054	0.645	0.732
108	2.914	0.044	0.584	0.632
132	2.196	0.059	0.657	0.725
136	1.534	0.069	0.720	0.810
148	2.346	0.072	0.604	0.744
167	1.779	0.120	0.668	0.742
169	1.425	0.070	0.768	0.833
176	2.101	0.095	0.674	0.772
154	2.899	0.084	0.606	0.661
147	2.757	0.067	0.553	0.750
128	1.731	0.055	0.681	0.749
94	2.366	0.051	0.514	0.723
158	1.904	0.136	0.656	0.849
91	2.719	0.053	0.489	0.619
68	2.244	0.034	0.613	0.613
235	2.405	0.093	0.601	0.748
87	2.471	0.033	0.674	0.719
165	2.068	0.075	0.702	0.740
262	1.497	0.109	0.734	0.842
218	2.437	0.086	0.602	0.734
145	1.767	0.069	0.843	0.810
254	1.306	0.092	0.763	0.838
168	1.853	0.075	0.627	0.715
104	3.716	0.044	0.296	0.486
154	2.231	0.061	0.623	0.726
171	2.102	0.076	0.582	0.681
171	1.594	0.078	0.715	0.830
124	2.861	0.051	0.494	0.611
190	3.477	0.077	0.572	0.717
141	3.137	0.070	0.456	0.585
121	3.327	0.060	0.426	0.703
208	0.935	0.079	0.816	0.893
185	1.822	0.086	0.670	0.720
206	1.470	0.103	0.749	0.780
124	2.262	0.059	0.569	0.805
234	1.708	0.117	0.720	0.857
80	2.108	0.037	0.702	0.714
217	2.776	0.092	0.576	0.743
132	3.482	0.057	0.455	0.617
135	1.977	0.063	0.703	0.763
196	2.353	0.090	0.573	0.660
126	2.728	0.057	0.485	0.700
195	2.482	0.078	0.524	0.712
142	1.996	0.068	0.728	0.807
115	2.693	0.049	0.513	0.685
108	2.999	0.051	0.527	0.571
151	4.957	0.057	0.333	0.534
114	2.658	0.054	0.530	0.663
97	3.198	0.057	0.424	0.530
102	2.624	0.052	0.459	0.634
169	2.902	0.079	0.612	0.786
137	2.572	0.086	0.675	0.757
233	1.669	0.165	0.777	0.860
150	1.381	0.109	0.798	0.852
101	2.855	0.056	0.490	0.631
151	1.688	0.064	0.706	0.799
231	1.629	0.115	0.733	0.819
138	2.761	0.067	0.454	0.667
144	1.283	0.078	0.960	0.900
148	1.412	0.078	0.841	0.876
122	4.211	0.056	0.526	0.682
109	2.310	0.054	0.553	0.661
145	2.588	0.062	0.437	0.617
133	3.394	0.054	0.538	0.675
122	2.176	0.059	0.560	0.663
91	3.876	0.037	0.381	0.506
126	3.477	0.052	0.312	0.568
113	3.366	0.055	0.485	0.554
142	2.147	0.073	0.592	0.747
113	2.383	0.050	0.592	0.693
129	3.230	0.049	0.403	0.701
151	3.338	0.071	0.413	0.624
98	3.027	0.047	0.400	0.563
110	2.997	0.048	0.460	0.643
177	2.741	0.072	0.476	0.728
136	2.752	0.056	0.405	0.599
114	2.822	0.052	0.462	0.640
114	1.860	0.048	0.655	0.671
154	3.161	0.066	0.498	0.713
161	2.433	0.074	0.579	0.709
84	2.038	0.041	0.457	0.683
154	3.514	0.064	0.639	0.703
118	2.479	0.053	0.515	0.674
207	1.268	0.104	0.809	0.859
119	1.933	0.060	0.650	0.783
201	1.015	0.081	0.841	0.893
71	3.406	0.032	0.634	0.645
162	1.519	0.089	0.743	0.753
244	0.634	0.114	0.910	0.891
176	2.287	0.076	0.693	0.755
123	1.162	0.055	0.804	0.837
128	1.568	0.081	0.766	0.785
127	2.067	0.056	0.690	0.799
140	1.638	0.063	0.733	0.824
204	2.172	0.104	0.753	0.840
185	1.854	0.082	0.642	0.771
134	1.523	0.066	0.713	0.740
141	2.417	0.072	0.627	0.766
113	1.395	0.051	0.720	0.801
148	0.754	0.068	0.886	0.937
192	2.136	0.092	0.598	0.793
85	2.406	0.039	0.612	0.654
195	0.774	0.091	0.886	0.899
193	1.356	0.091	0.763	0.846
161	1.680	0.082	0.778	0.847
204	2.700	0.083	0.557	0.696
150	1.165	0.070	0.833	0.847
152	0.983	0.072	0.879	0.859
152	1.665	0.075	0.764	0.804
144	1.499	0.065	0.770	0.770
161	1.455	0.079	0.735	0.767
144	2.238	0.069	0.588	0.692
193	0.929	0.082	0.877	0.898
234	2.206	0.084	0.624	0.767
187	2.296	0.082	0.625	0.796
161	1.764	0.071	0.668	0.763
102	0.678	0.046	0.911	0.895
132	3.338	0.097	0.647	0.767
103	3.230	0.046	0.371	0.560
126	1.426	0.060	0.783	0.857
102	3.304	0.042	0.366	0.528
106	2.834	0.047	0.535	0.616
87	3.806	0.039	0.569	0.608
90	2.670	0.042	0.457	0.625
141	2.656	0.063	0.490	0.635
137	2.093	0.061	0.640	0.749
181	2.387	0.088	0.588	0.748
101	2.739	0.050	0.643	0.737
109	3.700	0.055	0.347	0.517
208	2.588	0.086	0.464	0.658
123	3.116	0.058	0.456	0.603
193	2.231	0.090	0.541	0.652
121	1.579	0.060	0.637	0.776
107	2.649	0.052	0.473	0.569
112	2.044	0.053	0.586	0.696
185	2.332	0.092	0.573	0.758
128	2.849	0.058	0.549	0.663
178	2.239	0.080	0.569	0.704
172	2.319	0.085	0.544	0.649
145	1.610	0.072	0.694	0.751
129	1.392	0.068	0.787	0.878
186	2.714	0.085	0.473	0.691
154	1.659	0.086	0.828	0.860
153	1.567	0.083	0.683	0.785
128	2.809	0.064	0.566	0.670
164	0.925	0.086	0.863	0.863
165	1.942	0.070	0.688	0.764
115	1.495	0.064	0.714	0.767
168	2.051	0.072	0.629	0.691
149	1.259	0.074	0.753	0.828
131	2.348	0.061	0.560	0.642
149	1.605	0.067	0.741	0.823
163	1.942	0.064	0.634	0.728
177	0.512	0.077	0.912	0.927
108	1.918	0.065	0.878	0.893
156	1.719	0.073	0.743	0.780
122	2.236	0.076	0.689	0.753
153	0.907	0.059	0.845	0.874
150	2.789	0.064	0.380	0.547
130	2.712	0.063	0.481	0.747
171	1.911	0.079	0.725	0.770
165	1.852	0.091	0.665	0.737
92	3.118	0.050	0.390	0.487
112	2.110	0.063	0.593	0.691
123	2.682	0.063	0.515	0.647
114	1.352	0.047	0.820	0.838
138	2.531	0.080	0.723	0.742
76	4.301	0.032	0.256	0.455
152	2.553	0.065	0.667	0.741
122	2.156	0.057	0.667	0.792
94	2.708	0.042	0.395	0.639
193	1.213	0.082	0.858	0.850
158	3.213	0.064	0.364	0.568
141	3.197	0.058	0.341	0.592
113	2.358	0.047	0.554	0.720
77	2.453	0.035	0.554	0.611
201	2.413	0.077	0.549	0.663
137	2.512	0.056	0.546	0.628
147	2.129	0.064	0.626	0.693
166	1.567	0.067	0.772	0.779
172	1.651	0.077	0.702	0.745
146	2.110	0.060	0.741	0.807
130	2.723	0.064	0.560	0.677
198	1.459	0.081	0.753	0.828
134	1.371	0.061	0.761	0.848
119	2.390	0.053	0.620	0.717
128	2.399	0.056	0.582	0.703
140	3.887	0.054	0.383	0.567
148	1.419	0.090	0.767	0.855
145	2.185	0.066	0.628	0.732
171	2.487	0.077	0.536	0.710
146	3.377	0.056	0.456	0.709
178	3.463	0.064	0.350	0.586
115	1.687	0.054	0.782	0.762
177	2.384	0.076	0.577	0.734
121	2.461	0.048	0.460	0.654
140	3.110	0.058	0.443	0.664
235	2.190	0.098	0.586	0.778
192	2.432	0.081	0.575	0.701
129	3.003	0.055	0.412	0.603
197	2.266	0.075	0.534	0.666
140	1.556	0.058	0.757	0.769
156	2.514	0.062	0.595	0.661
110	1.692	0.053	0.688	0.780
173	2.824	0.075	0.339	0.660
142	2.821	0.073	0.568	0.751
126	2.651	0.080	0.728	0.754
240	1.223	0.133	0.825	0.896
217	2.806	0.101	0.455	0.767
219	0.657	0.116	0.869	0.920
125	2.742	0.092	0.644	0.727
85	3.316	0.048	0.353	0.480
81	3.129	0.052	0.375	0.566
200	0.718	0.080	0.873	0.905
136	6.296	0.065	0.446	0.866
227	3.181	0.087	0.352	0.624
144	2.589	0.096	0.658	0.818
107	1.879	0.063	0.695	0.748
100	1.987	0.063	0.599	0.763
235	2.385	0.112	0.569	0.761
98	2.982	0.058	0.417	0.613
111	2.834	0.064	0.422	0.531
118	3.705	0.069	0.440	0.702
85	3.688	0.045	0.443	0.654
175	2.352	0.078	0.478	0.720
78	4.052	0.035	0.229	0.438
118	3.035	0.058	0.428	0.611
150	3.759	0.070	0.347	0.577
112	4.722	0.045	0.101	0.491
159	2.082	0.064	0.639	0.723
144	2.296	0.062	0.585	0.646
173	2.740	0.071	0.453	0.650
180	1.654	0.077	0.747	0.849
207	2.425	0.082	0.551	0.683
133	2.192	0.069	0.573	0.686
141	1.352	0.076	0.810	0.870
129	3.251	0.067	0.522	0.642
130	1.566	0.070	0.707	0.783
166	1.982	0.076	0.669	0.755
165	2.032	0.075	0.611	0.760
121	2.077	0.067	0.725	0.672
91	1.417	0.057	0.700	0.784
170	1.433	0.078	0.780	0.854
104	1.486	0.065	0.788	0.782
158	1.244	0.079	0.832	0.873
150	1.023	0.077	0.867	0.872
124	1.569	0.091	0.800	0.785
136	0.916	0.074	0.932	0.913
124	1.462	0.110	0.844	0.912
137	2.339	0.102	0.566	0.617
164	1.138	0.074	0.812	0.850
175	2.992	0.074	0.568	0.714
105	0.782	0.079	0.882	0.921
123	1.636	0.060	0.745	0.820
104	1.701	0.060	0.770	0.839
207	0.763	0.113	0.912	0.920
99	3.647	0.059	0.647	0.717
175	2.818	0.100	0.451	0.614
115	2.699	0.068	0.504	0.622
130	1.583	0.065	0.756	0.802
202	0.815	0.105	0.882	0.902
99	1.157	0.056	0.876	0.884
86	2.003	0.053	0.656	0.768
102	2.517	0.065	0.622	0.729
137	1.344	0.073	0.770	0.884
109	1.840	0.047	0.599	0.727
113	2.099	0.053	0.604	0.743
225	1.230	0.118	0.815	0.856
165	1.850	0.095	0.846	0.789
218	1.217	0.089	0.826	0.829
129	2.420	0.053	0.508	0.626
72	3.246	0.030	0.310	0.477
105	3.550	0.046	0.337	0.533
118	1.437	0.062	0.686	0.756
164	3.087	0.113	0.603	0.774
139	1.380	0.109	0.764	0.891
147	2.784	0.071	0.721	0.821
179	0.985	0.110	0.840	0.947
120	1.482	0.072	0.811	0.800
107	2.592	0.051	0.495	0.601
136	0.814	0.064	0.883	0.866
116	2.473	0.070	0.509	0.690
95	1.571	0.061	0.714	0.766
117	1.362	0.067	0.760	0.760
132	2.625	0.073	0.463	0.600
159	1.822	0.079	0.710	0.850
74	2.884	0.034	0.392	0.490
82	2.834	0.036	0.446	0.646
102	1.958	0.047	0.614	0.739
179	2.115	0.075	0.749	0.796
137	1.972	0.058	0.675	0.753
167	1.997	0.072	0.614	0.770
170	3.355	0.082	0.416	0.612
262	0.819	0.111	0.859	0.882
376	1.031	0.145	0.879	0.908
226	1.803	0.093	0.722	0.816
130	2.284	0.064	0.578	0.684
307	1.752	0.131	0.678	0.787
371	1.768	0.134	0.661	0.783
208	1.877	0.086	0.667	0.768
236	1.559	0.091	0.717	0.837
240	2.157	0.126	0.617	0.819
264	1.742	0.099	0.667	0.800
268	2.483	0.098	0.520	0.687
220	2.200	0.090	0.568	0.707
255	2.148	0.105	0.627	0.815
260	0.654	0.099	0.922	0.952
345	1.509	0.140	0.719	0.841
191	2.261	0.075	0.582	0.740
206	2.480	0.075	0.499	0.730
384	1.587	0.141	0.727	0.766
347	2.526	0.136	0.566	0.761
367	1.363	0.159	0.714	0.859
223	0.658	0.082	0.910	0.888
296	1.927	0.141	0.725	0.822
244	1.133	0.108	0.850	0.871
419	1.359	0.144	0.884	0.905
217	1.485	0.105	0.719	0.871
293	1.093	0.121	0.803	0.854
201	1.966	0.083	0.574	0.723
157	1.213	0.074	0.737	0.887
279	1.970	0.110	0.631	0.752
223	1.511	0.096	0.736	0.791
450	1.562	0.153	0.731	0.867
848	1.631	0.286	0.747	0.864
868	1.797	0.289	0.732	0.832
583	1.419	0.207	0.742	0.809
265	1.058	0.110	0.798	0.875
570	1.866	0.187	0.658	0.759
191	2.392	0.076	0.540	0.723
449	1.823	0.165	0.662	0.833
282	2.169	0.116	0.589	0.748
756	1.440	0.273	0.748	0.884
1027	1.241	0.333	0.796	0.895
340	1.994	0.125	0.612	0.766
194	1.751	0.079	0.647	0.782
492	1.109	0.186	0.811	0.890
591	1.509	0.202	0.767	0.878
874	0.602	0.295	0.896	0.931
410	2.583	0.148	0.537	0.721
563	2.224	0.204	0.585	0.762
381	1.844	0.164	0.666	0.790
344	1.637	0.125	0.709	0.796
975	2.164	0.290	0.592	0.810
1352	1.298	0.386	0.781	0.887
504	1.659	0.191	0.678	0.840
619	1.279	0.226	0.804	0.860
920	1.553	0.301	0.730	0.856
650	1.908	0.215	0.649	0.767
719	1.188	0.256	0.775	0.835
892	1.521	0.294	0.723	0.858
315	1.678	0.140	0.711	0.816
566	1.274	0.222	0.804	0.847
216	0.963	0.097	0.847	0.878
405	1.389	0.171	0.777	0.837
288	2.437	0.127	0.516	0.729
890	1.420	0.294	0.773	0.847
1258	1.493	0.374	0.775	0.885
1407	0.985	0.411	0.846	0.916
953	1.494	0.295	0.738	0.824
1100	1.634	0.397	0.702	0.910
292	1.614	0.125	0.766	0.834
411	1.889	0.156	0.686	0.775
220	1.823	0.097	0.655	0.815
512	1.402	0.201	0.751	0.883
1412	1.729	0.396	0.725	0.873
1838	1.257	0.485	0.819	0.890
1513	1.741	0.407	0.710	0.859
1505	1.707	0.417	0.720	0.854
267	2.292	0.106	0.537	0.706
254	1.870	0.096	0.596	0.700
1267	0.620	0.408	0.919	0.942
2232	1.506	0.529	0.777	0.902
1575	0.436	0.461	0.962	0.955
1019	1.976	0.316	0.660	0.840
470	2.365	0.167	0.588	0.779
387	1.736	0.151	0.692	0.825
473	2.105	0.178	0.637	0.775
230	2.375	0.092	0.581	0.721
286	2.893	0.102	0.430	0.653
256	2.551	0.112	0.610	0.734
186	1.394	0.075	0.727	0.823
149	2.560	0.070	0.516	0.671
240	2.748	0.094	0.488	0.725
265	2.269	0.120	0.592	0.730
237	2.362	0.087	0.535	0.671
299	2.685	0.130	0.484	0.715
248	3.008	0.112	0.498	0.705
271	2.476	0.109	0.499	0.674
269	1.446	0.130	0.731	0.771
249	2.836	0.094	0.424	0.666
273	1.964	0.113	0.644	0.801
869	1.470	0.327	0.811	0.916
688	1.540	0.290	0.754	0.869
477	2.235	0.172	0.591	0.771
194	2.791	0.092	0.433	0.662
226	1.546	0.107	0.619	0.766
239	2.240	0.100	0.589	0.768
660	2.351	0.238	0.550	0.797
150	3.240	0.066	0.363	0.545
292	0.984	0.156	0.820	0.901
162	3.529	0.063	0.284	0.448
185	2.786	0.082	0.453	0.734
248	3.523	0.113	0.456	0.713
387	3.204	0.125	0.419	0.619
292	2.454	0.137	0.541	0.770
316	2.310	0.130	0.525	0.701
149	2.815	0.077	0.386	0.567
833	1.415	0.308	0.759	0.880
472	1.677	0.207	0.699	0.814
373	2.161	0.163	0.660	0.752
452	1.947	0.165	0.650	0.774
592	2.372	0.208	0.565	0.756
359	1.706	0.140	0.708	0.798
486	2.008	0.198	0.639	0.785
728	1.169	0.258	0.803	0.855
469	1.052	0.183	0.854	0.893
310	2.427	0.121	0.507	0.683
176	3.479	0.066	0.293	0.570
166	3.034	0.061	0.454	0.634
222	3.384	0.083	0.373	0.568
250	3.579	0.091	0.285	0.575
200	3.399	0.082	0.317	0.542
399	3.168	0.147	0.442	0.665
268	2.549	0.112	0.496	0.672
192	2.754	0.086	0.408	0.585
403	2.752	0.136	0.454	0.637
201	2.238	0.087	0.563	0.731
282	2.709	0.117	0.469	0.683
194	3.814	0.089	0.445	0.620
230	3.223	0.088	0.369	0.644
224	2.059	0.087	0.582	0.718
357	2.508	0.133	0.444	0.724
188	2.635	0.079	0.487	0.664
573	1.898	0.204	0.652	0.807
309	2.966	0.112	0.490	0.694
491	2.849	0.173	0.507	0.737
320	2.121	0.120	0.492	0.717
198	2.619	0.088	0.491	0.660
190	3.178	0.077	0.373	0.651
247	3.109	0.091	0.350	0.628
264	2.226	0.101	0.593	0.752
588	2.562	0.203	0.517	0.764
193	2.210	0.093	0.563	0.723
369	3.508	0.136	0.372	0.636
438	3.763	0.134	0.267	0.668
803	2.300	0.255	0.567	0.818
273	3.078	0.100	0.412	0.655
838	1.547	0.261	0.746	0.847
376	1.520	0.156	0.707	0.866
247	2.070	0.107	0.720	0.789
367	2.038	0.158	0.638	0.801
166	2.480	0.079	0.509	0.680
255	3.201	0.099	0.367	0.678
805	2.400	0.235	0.551	0.761
689	2.651	0.214	0.489	0.738
744	2.235	0.252	0.560	0.803
532	2.209	0.179	0.580	0.772
1817	1.303	0.476	0.806	0.906
907	1.158	0.287	0.819	0.907
297	2.023	0.123	0.609	0.762
606	1.857	0.207	0.669	0.808
563	2.665	0.194	0.506	0.749
835	1.200	0.308	0.789	0.887
417	1.337	0.174	0.777	0.846
131	3.672	0.055	0.374	0.633
1535	1.529	0.429	0.766	0.913
367	1.746	0.156	0.686	0.834
755	2.078	0.250	0.612	0.803
523	2.452	0.182	0.527	0.751
243	2.536	0.113	0.521	0.764
186	3.065	0.074	0.531	0.778
484	2.621	0.205	0.568	0.822
458	1.938	0.179	0.646	0.792
387	2.290	0.150	0.547	0.722
396	1.945	0.155	0.876	0.919
259	1.526	0.103	0.755	0.844
682	1.829	0.251	0.681	0.820
214	3.289	0.078	0.360	0.578
261	2.870	0.089	0.430	0.608
227	3.474	0.075	0.277	0.506
340	2.262	0.137	0.544	0.708
264	2.005	0.102	0.615	0.733
267	3.144	0.095	0.382	0.542
297	3.789	0.093	0.237	0.527
253	3.385	0.092	0.388	0.652
169	3.612	0.069	0.305	0.528
694	1.450	0.253	0.726	0.854
238	2.335	0.092	0.580	0.746
241	2.175	0.098	0.598	0.739
172	2.545	0.069	0.466	0.621
444	1.455	0.200	0.762	0.867
332	2.852	0.114	0.429	0.597
169	3.095	0.070	0.341	0.563
204	2.777	0.081	0.446	0.689
468	1.661	0.176	0.691	0.824
339	2.562	0.121	0.460	0.642
1106	1.265	0.343	0.798	0.880
1007	1.378	0.312	0.753	0.867
398	1.009	0.154	0.802	0.881
209	2.888	0.075	0.412	0.645
177	0.863	0.097	0.894	0.881
206	2.774	0.076	0.453	0.575
139	3.514	0.057	0.306	0.500
465	2.043	0.187	0.667	0.817
293	2.117	0.117	0.630	0.757
210	1.803	0.083	0.633	0.761
266	2.317	0.107	0.559	0.782
285	1.545	0.120	0.758	0.848
528	1.088	0.201	0.831	0.873
353	1.284	0.137	0.745	0.844
723	1.848	0.266	0.710	0.835
508	1.528	0.175	0.722	0.838
409	2.657	0.139	0.430	0.721
283	2.817	0.104	0.521	0.753
316	1.283	0.122	0.725	0.859
305	2.154	0.135	0.610	0.770
338	2.043	0.127	0.659	0.768
464	2.551	0.153	0.516	0.745
178	2.042	0.073	0.597	0.685
443	1.953	0.176	0.620	0.828
211	3.539	0.081	0.338	0.636
183	2.915	0.070	0.408	0.572
225	3.016	0.092	0.398	0.672
541	1.413	0.230	0.791	0.883
1110	1.307	0.374	0.791	0.886
496	0.528	0.190	0.938	0.924
203	2.237	0.078	0.590	0.710
915	1.899	0.330	0.687	0.866
546	1.647	0.202	0.689	0.776
205	1.605	0.084	0.704	0.788
275	1.891	0.125	0.644	0.775
537	2.393	0.191	0.617	0.783
216	1.574	0.124	0.641	0.745
295	2.332	0.121	0.628	0.758
579	1.774	0.218	0.771	0.830
265	2.237	0.113	0.565	0.654
307	2.355	0.125	0.679	0.764
237	2.227	0.098	0.602	0.731
152	3.253	0.065	0.324	0.553
340	3.018	0.114	0.416	0.719
342	2.394	0.136	0.545	0.717
259	1.883	0.115	0.657	0.744
295	2.767	0.108	0.453	0.653
279	1.746	0.121	0.712	0.775
444	1.738	0.157	0.708	0.843
213	2.995	0.092	0.657	0.698
520	1.684	0.188	0.642	0.776
434	1.566	0.181	0.671	0.820
202	2.402	0.090	0.580	0.732
842	1.589	0.282	0.732	0.842
195	2.510	0.071	0.450	0.567
192	2.023	0.083	0.621	0.817
345	1.591	0.141	0.707	0.848
311	1.818	0.126	0.643	0.776
624	2.225	0.244	0.660	0.822
459	2.325	0.162	0.554	0.812
585	2.500	0.197	0.570	0.823
883	1.437	0.291	0.794	0.847
303	1.807	0.117	0.690	0.781
829	1.259	0.279	0.801	0.885
1012	1.437	0.331	0.703	0.850
719	1.046	0.244	0.814	0.867
312	1.298	0.137	0.750	0.813
441	0.409	0.184	0.932	0.955
317	1.284	0.125	0.839	0.857
218	2.183	0.099	0.699	0.796
125	3.165	0.054	0.417	0.532
346	1.188	0.155	0.797	0.869
305	1.270	0.121	0.772	0.803
290	0.953	0.123	0.831	0.868
251	1.750	0.118	0.701	0.751
217	2.505	0.082	0.500	0.709
230	1.125	0.106	0.759	0.875
305	2.617	0.110	0.474	0.573
313	1.751	0.132	0.713	0.786
403	1.751	0.167	0.673	0.814
553	0.811	0.220	0.834	0.919
425	0.920	0.169	0.803	0.874
1215	1.696	0.371	0.730	0.879
1309	1.355	0.387	0.787	0.862
212	1.514	0.106	0.763	0.851
216	3.003	0.092	0.428	0.621
234	1.846	0.116	0.762	0.836
685	1.258	0.269	0.786	0.893
558	2.185	0.220	0.598	0.757
390	0.634	0.184	0.926	0.931
353	2.193	0.123	0.567	0.700
546	2.588	0.180	0.490	0.778
365	1.655	0.148	0.730	0.855
246	1.994	0.099	0.689	0.823
369	1.834	0.139	0.662	0.837
346	1.536	0.136	0.752	0.824
319	1.379	0.130	0.733	0.810
288	1.703	0.112	0.687	0.821
403	3.205	0.142	0.331	0.671
488	2.781	0.212	0.697	0.881
385	2.281	0.130	0.482	0.752
326	1.801	0.130	0.697	0.856
448	3.202	0.185	0.495	0.822
306	2.829	0.110	0.512	0.692
579	2.810	0.207	0.712	0.845
1290	1.806	0.369	0.680	0.847
403	2.245	0.155	0.595	0.833
152	4.442	0.067	0.358	0.734
718	2.652	0.215	0.498	0.719
545	2.515	0.180	0.498	0.790
443	2.826	0.152	0.473	0.698
278	1.774	0.098	0.647	0.820
416	2.743	0.147	0.447	0.711
301	2.963	0.113	0.503	0.717
267	1.879	0.117	0.634	0.799
367	2.670	0.139	0.440	0.733
618	2.023	0.206	0.648	0.792
207	1.662	0.099	0.711	0.790
194	1.684	0.075	0.651	0.764
450	3.270	0.139	0.327	0.662
295	1.465	0.129	0.732	0.845
148	3.576	0.065	0.343	0.542
556	2.583	0.189	0.577	0.784
580	2.777	0.182	0.448	0.720
531	1.453	0.202	0.807	0.868
383	2.032	0.172	0.661	0.808
222	3.180	0.089	0.447	0.663
183	3.431	0.105	0.482	0.747
358	2.746	0.141	0.494	0.695
414	1.943	0.166	0.640	0.780
302	1.508	0.112	0.724	0.818
307	3.028	0.114	0.472	0.676
171	2.853	0.072	0.420	0.507
194	3.161	0.074	0.374	0.562
223	2.899	0.098	0.555	0.686
353	1.499	0.153	0.740	0.847
293	1.918	0.128	0.701	0.814
166	3.330	0.072	0.307	0.589
187	2.924	0.077	0.416	0.636
291	1.952	0.134	0.619	0.786
601	2.048	0.210	0.616	0.839
208	1.826	0.085	0.632	0.756
401	2.235	0.157	0.576	0.762
254	2.427	0.101	0.478	0.681
185	2.723	0.088	0.508	0.621
229	2.533	0.083	0.577	0.763
211	1.393	0.102	0.767	0.841
304	1.949	0.129	0.622	0.792
298	1.512	0.122	0.723	0.795
197	2.755	0.080	0.361	0.597
267	2.126	0.121	0.740	0.822
119	3.234	0.054	0.327	0.589
253	2.052	0.108	0.607	0.719
233	2.741	0.093	0.473	0.666
686	1.534	0.244	0.739	0.869
291	1.313	0.109	0.799	0.836
616	1.592	0.224	0.700	0.809
373	2.613	0.136	0.557	0.724
305	2.576	0.132	0.639	0.766
321	1.610	0.144	0.717	0.797
311	2.340	0.117	0.524	0.728
171	2.249	0.068	0.643	0.713
255	2.362	0.116	0.539	0.704
350	2.082	0.135	0.574	0.787
173	3.138	0.078	0.396	0.627
313	2.670	0.135	0.562	0.725
228	1.616	0.105	0.639	0.763
313	1.628	0.122	0.708	0.877
188	2.177	0.083	0.570	0.684
237	2.006	0.096	0.616	0.760
298	2.037	0.119	0.635	0.859
224	0.660	0.102	0.855	0.918
288	1.289	0.116	0.780	0.865
171	3.069	0.068	0.450	0.631
330	0.968	0.124	0.821	0.829
261	2.077	0.108	0.646	0.741
243	2.369	0.104	0.566	0.730
316	2.966	0.128	0.483	0.687
209	1.733	0.094	0.704	0.804
307	1.154	0.114	0.804	0.865
210	1.416	0.098	0.792	0.817
290	1.940	0.107	0.639	0.812
225	1.068	0.087	0.833	0.889
222	1.402	0.090	0.763	0.819
237	0.924	0.090	0.849	0.875
366	2.271	0.130	0.579	0.748
331	1.251	0.129	0.783	0.858
297	1.943	0.112	0.651	0.830
326	1.299	0.119	0.773	0.821
450	1.586	0.167	0.796	0.864
225	2.587	0.089	0.483	0.731
161	2.397	0.065	0.719	0.793
291	2.266	0.113	0.581	0.789
304	1.689	0.111	0.715	0.804
277	1.718	0.101	0.705	0.801
334	2.593	0.121	0.511	0.672
387	2.504	0.138	0.542	0.777
335	1.764	0.112	0.713	0.848
158	2.830	0.061	0.431	0.650
385	2.109	0.132	0.617	0.778
182	2.267	0.077	0.655	0.714
428	1.621	0.159	0.748	0.811
319	0.647	0.173	0.914	0.935
417	1.172	0.164	0.774	0.856
283	1.571	0.103	0.706	0.782
383	1.988	0.153	0.644	0.724
881	1.171	0.290	0.781	0.871
529	1.337	0.200	0.797	0.846
201	2.792	0.085	0.393	0.655
242	1.892	0.104	0.778	0.809
300	1.094	0.130	0.765	0.870
248	2.556	0.105	0.646	0.785
219	1.972	0.089	0.658	0.750
189	2.367	0.078	0.528	0.705
285	1.134	0.124	0.803	0.872
579	1.271	0.216	0.809	0.876
341	2.135	0.148	0.643	0.773
257	1.702	0.096	0.685	0.769
351	1.189	0.131	0.814	0.840
379	0.559	0.153	0.927	0.927
327	1.760	0.136	0.650	0.794
312	0.786	0.121	0.879	0.923
294	1.853	0.105	0.643	0.770
213	1.547	0.083	0.732	0.873
369	1.201	0.159	0.815	0.854
195	1.890	0.082	0.648	0.786
301	1.782	0.121	0.686	0.766
321	1.440	0.118	0.699	0.799
307	1.726	0.108	0.751	0.816
228	1.549	0.093	0.738	0.786
320	0.987	0.130	0.831	0.904
344	1.397	0.124	0.796	0.862
363	1.534	0.130	0.786	0.801
321	1.980	0.112	0.645	0.718
179	3.105	0.066	0.347	0.530
235	1.722	0.094	0.710	0.758
244	1.544	0.086	0.726	0.824
545	1.002	0.184	0.869	0.882
189	2.531	0.065	0.417	0.643
404	1.744	0.144	0.704	0.788
263	1.146	0.100	0.774	0.877
156	2.867	0.056	0.447	0.574
346	1.428	0.117	0.771	0.786
240	1.818	0.087	0.712	0.828
328	1.813	0.120	0.726	0.802
275	1.064	0.121	0.779	0.873
416	1.358	0.154	0.765	0.856
274	2.420	0.101	0.540	0.648
267	2.565	0.097	0.506	0.706
475	1.402	0.162	0.741	0.853
557	1.031	0.190	0.861	0.876
352	0.509	0.122	0.919	0.936
321	2.130	0.110	0.583	0.779
171	2.350	0.062	0.586	0.740
283	1.095	0.114	0.825	0.916
461	1.280	0.162	0.784	0.838
303	1.551	0.105	0.721	0.856
631	1.850	0.206	0.673	0.755
682	1.220	0.224	0.793	0.862
295	1.434	0.109	0.758	0.780
335	2.139	0.123	0.580	0.751
537	1.168	0.185	0.810	0.880
568	1.192	0.194	0.805	0.881
280	1.511	0.107	0.735	0.733
275	0.879	0.098	0.862	0.902
305	1.072	0.127	0.854	0.879
286	1.350	0.120	0.735	0.806
221	2.938	0.087	0.664	0.708
242	1.974	0.108	0.706	0.793
328	1.751	0.115	0.731	0.802
240	1.531	0.089	0.714	0.743
295	1.750	0.108	0.626	0.797
194	1.923	0.091	0.649	0.792
202	1.789	0.104	0.629	0.721
258	1.263	0.109	0.806	0.890
203	2.159	0.076	0.610	0.738
280	1.220	0.107	0.739	0.848
244	2.173	0.093	0.676	0.808
345	0.688	0.127	0.932	0.913
309	1.909	0.118	0.659	0.743
260	1.820	0.092	0.693	0.833
293	1.179	0.145	0.753	0.907
528	1.107	0.193	0.838	0.877
217	2.295	0.083	0.582	0.775
294	1.605	0.107	0.689	0.780
350	1.753	0.136	0.700	0.763
307	0.647	0.132	0.922	0.882
307	1.204	0.112	0.819	0.819
296	1.329	0.114	0.769	0.848
276	1.773	0.110	0.690	0.807
302	1.438	0.124	0.726	0.755
108	4.427	0.041	0.201	0.384
241	3.753	0.087	0.604	0.755
585	1.275	0.222	0.799	0.862
326	1.454	0.123	0.731	0.865
551	1.541	0.190	0.786	0.880
517	1.280	0.214	0.859	0.928
233	1.424	0.089	0.737	0.853
233	1.758	0.092	0.687	0.782
302	1.455	0.110	0.701	0.821
416	0.484	0.171	0.914	0.941
257	1.917	0.106	0.676	0.784
174	1.863	0.079	0.549	0.731
185	2.616	0.080	0.492	0.603
264	2.261	0.100	0.542	0.714
234	2.020	0.102	0.686	0.783
590	0.974	0.213	0.849	0.861
311	1.218	0.130	0.787	0.894
318	1.307	0.121	0.778	0.864
291	1.446	0.117	0.690	0.797
216	2.074	0.093	0.589	0.774
272	0.943	0.107	0.861	0.892
245	1.232	0.101	0.822	0.881
402	1.187	0.162	0.772	0.814
341	1.873	0.153	0.689	0.766
349	1.318	0.141	0.781	0.849
161	2.065	0.071	0.665	0.732
248	1.460	0.116	0.780	0.841
265	2.325	0.118	0.631	0.740
168	1.921	0.076	0.629	0.654
188	1.107	0.084	0.761	0.777
437	0.755	0.179	0.829	0.918
225	2.206	0.090	0.567	0.664
398	0.913	0.146	0.871	0.869
280	1.327	0.115	0.838	0.814
866	1.089	0.331	0.821	0.896
169	2.061	0.067	0.653	0.738
256	1.702	0.101	0.670	0.755
796	0.950	0.281	0.857	0.893
239	0.750	0.115	0.863	0.934
185	2.661	0.071	0.486	0.651
208	1.020	0.079	0.776	0.867
403	1.641	0.149	0.726	0.801
298	1.389	0.112	0.762	0.844
260	1.680	0.090	0.734	0.828
358	2.098	0.128	0.617	0.772
344	1.478	0.125	0.754	0.817
274	1.404	0.105	0.765	0.813
693	1.558	0.252	0.732	0.860
203	2.216	0.068	0.587	0.700
238	1.530	0.086	0.773	0.801
309	1.218	0.117	0.807	0.837
308	1.244	0.120	0.778	0.870
208	2.648	0.076	0.515	0.746
320	1.859	0.136	0.648	0.753
336	1.884	0.126	0.697	0.812
201	1.561	0.073	0.696	0.767
463	0.385	0.174	0.937	0.937
402	1.298	0.156	0.749	0.784
449	1.045	0.160	0.812	0.875
575	0.934	0.229	0.843	0.893
230	2.765	0.100	0.428	0.650
231	2.442	0.083	0.500	0.662
228	1.347	0.092	0.778	0.848
253	1.429	0.111	0.803	0.872
681	0.837	0.253	0.888	0.922
343	1.456	0.137	0.709	0.767
156	3.410	0.061	0.363	0.487
384	1.547	0.159	0.877	0.908
205	1.914	0.086	0.712	0.771
454	1.375	0.170	0.737	0.818
212	1.733	0.087	0.629	0.686
392	2.297	0.146	0.619	0.778
265	2.434	0.100	0.553	0.716
230	2.169	0.087	0.607	0.726
304	1.372	0.127	0.751	0.869
312	1.243	0.144	0.804	0.848
633	1.811	0.258	0.710	0.855
276	2.855	0.099	0.750	0.800
413	2.971	0.149	0.400	0.718
864	1.050	0.298	0.836	0.886
316	0.838	0.127	0.880	0.871
286	1.122	0.125	0.806	0.824
398	0.916	0.181	0.863	0.911
361	1.732	0.141	0.715	0.773
303	1.213	0.141	0.804	0.861
424	1.811	0.148	0.692	0.774
206	2.055	0.085	0.609	0.710
301	2.174	0.115	0.572	0.734
263	1.918	0.099	0.643	0.743
276	2.885	0.104	0.481	0.690
438	2.198	0.149	0.583	0.788
206	2.050	0.077	0.611	0.783
310	2.508	0.119	0.550	0.740
492	1.461	0.178	0.737	0.844
333	2.761	0.113	0.440	0.737
257	2.135	0.125	0.588	0.747
349	3.103	0.116	0.401	0.619
425	2.919	0.151	0.420	0.723
408	2.940	0.158	0.413	0.747
785	2.402	0.246	0.567	0.775
654	1.993	0.251	0.626	0.793
265	2.482	0.111	0.521	0.705
416	2.056	0.175	0.645	0.842
470	2.074	0.186	0.604	0.763
306	2.112	0.124	0.610	0.734
549	1.891	0.200	0.647	0.774
328	2.279	0.115	0.556	0.685
280	1.113	0.105	0.789	0.805
192	3.239	0.085	0.381	0.621
241	3.203	0.103	0.453	0.699
378	1.257	0.177	0.791	0.871
473	1.311	0.201	0.779	0.840
214	1.798	0.095	0.660	0.730
203	2.857	0.077	0.415	0.733
401	2.699	0.140	0.451	0.676
221	2.488	0.088	0.533	0.624
376	1.853	0.156	0.689	0.823
245	1.155	0.146	0.778	0.845
317	0.997	0.124	0.839	0.868
569	1.889	0.196	0.637	0.773
260	1.569	0.106	0.695	0.760
480	1.881	0.177	0.643	0.783
431	1.441	0.151	0.735	0.821
521	1.682	0.192	0.706	0.823
573	2.085	0.197	0.642	0.799
292	1.412	0.140	0.869	0.872
273	1.875	0.112	0.711	0.805
227	2.409	0.090	0.532	0.808
243	2.146	0.108	0.596	0.677
241	0.885	0.093	0.861	0.899
230	2.017	0.102	0.646	0.796
277	1.650	0.124	0.684	0.785
256	1.563	0.111	0.696	0.795
254	1.980	0.132	0.617	0.772
540	1.294	0.196	0.800	0.861
530	1.319	0.210	0.791	0.860
178	1.871	0.082	0.654	0.739
219	2.832	0.093	0.444	0.668
451	2.227	0.162	0.587	0.766
330	2.170	0.127	0.592	0.722
646	1.901	0.234	0.651	0.828
871	1.729	0.309	0.737	0.864
425	1.751	0.168	0.676	0.802
444	1.813	0.177	0.685	0.801
1037	0.947	0.325	0.833	0.897
681	1.457	0.258	0.748	0.869
217	2.763	0.091	0.462	0.705
566	1.154	0.223	0.787	0.854
430	1.829	0.216	0.689	0.841
280	2.191	0.123	0.618	0.773
293	1.530	0.150	0.749	0.844
119	3.166	0.052	0.336	0.520
182	1.855	0.086	0.711	0.771
238	2.084	0.123	0.669	0.756
552	2.003	0.227	0.640	0.785
233	2.464	0.090	0.521	0.696
279	2.106	0.123	0.647	0.786
262	1.700	0.108	0.693	0.759
330	1.618	0.123	0.735	0.805
178	2.756	0.085	0.416	0.647
189	2.323	0.093	0.563	0.765
254	3.536	0.102	0.285	0.674
127	3.147	0.053	0.443	0.529
428	1.304	0.162	0.766	0.884
320	0.771	0.138	0.874	0.899
190	1.598	0.093	0.693	0.826
512	0.984	0.170	0.852	0.892
247	1.770	0.109	0.682	0.769
498	1.368	0.175	0.769	0.841
209	1.951	0.090	0.688	0.736
356	1.657	0.147	0.742	0.815
286	2.038	0.120	0.618	0.711
238	1.793	0.110	0.628	0.788
261	1.420	0.103	0.727	0.821
671	1.535	0.240	0.723	0.820
174	2.347	0.077	0.576	0.690
210	0.681	0.105	0.894	0.905
272	0.877	0.143	0.850	0.877
210	2.451	0.112	0.585	0.695
331	2.878	0.125	0.535	0.657
390	1.251	0.166	0.756	0.809
350	1.199	0.136	0.801	0.839
408	1.433	0.178	0.727	0.841
253	1.601	0.120	0.668	0.781
253	1.691	0.132	0.727	0.806
290	1.263	0.141	0.782	0.841
225	1.469	0.124	0.755	0.849
209	2.023	0.095	0.602	0.659
230	1.739	0.094	0.691	0.830
230	1.838	0.109	0.697	0.785
817	2.068	0.274	0.631	0.831
415	1.565	0.183	0.732	0.881
307	1.758	0.142	0.699	0.810
761	1.670	0.312	0.731	0.855
592	1.488	0.247	0.765	0.864
269	2.161	0.128	0.737	0.815
363	1.685	0.134	0.673	0.821
791	1.817	0.275	0.682	0.849
350	1.675	0.151	0.769	0.858
272	2.449	0.131	0.532	0.690
209	2.311	0.101	0.641	0.757
183	2.504	0.077	0.506	0.698
619	2.197	0.214	0.565	0.750
288	2.787	0.127	0.465	0.740
193	2.941	0.085	0.413	0.623
217	3.861	0.077	0.225	0.618
166	2.109	0.063	0.613	0.643
220	2.506	0.085	0.518	0.643
359	1.427	0.138	0.777	0.891
246	2.290	0.089	0.566	0.656
324	0.949	0.148	0.883	0.910
294	1.135	0.127	0.782	0.862
319	0.999	0.118	0.820	0.889
400	0.706	0.173	0.901	0.922
275	1.924	0.110	0.615	0.760
302	0.851	0.128	0.844	0.870
288	0.570	0.134	0.881	0.947
281	0.763	0.123	0.878	0.895
204	1.443	0.091	0.785	0.850
288	0.983	0.141	0.828	0.881
211	3.209	0.099	0.551	0.676
165	2.781	0.068	0.478	0.640
301	1.314	0.138	0.794	0.838
279	1.018	0.122	0.875	0.877
337	2.405	0.138	0.568	0.654
399	1.259	0.171	0.871	0.891
223	1.170	0.099	0.794	0.814
382	1.330	0.152	0.759	0.843
287	1.264	0.108	0.793	0.820
274	2.038	0.110	0.656	0.781
246	2.588	0.103	0.554	0.685
280	1.646	0.113	0.654	0.812
427	1.436	0.171	0.789	0.879
317	1.277	0.129	0.751	0.836
482	1.998	0.177	0.627	0.786
319	1.617	0.135	0.733	0.879
280	2.797	0.114	0.422	0.678
398	1.682	0.170	0.752	0.881
264	1.966	0.097	0.636	0.759
216	2.465	0.086	0.518	0.617
297	1.642	0.134	0.705	0.773
237	1.945	0.098	0.648	0.750
826	0.923	0.291	0.899	0.910
479	1.770	0.188	0.688	0.834
343	2.134	0.138	0.577	0.739
473	1.859	0.179	0.657	0.783
167	2.557	0.064	0.630	0.668
568	1.709	0.205	0.702	0.834
522	1.214	0.205	0.821	0.892
820	1.919	0.279	0.667	0.840
416	2.007	0.160	0.623	0.798
211	1.533	0.102	0.720	0.858
243	2.659	0.101	0.551	0.810
271	0.988	0.159	0.919	0.964
350	3.138	0.139	0.405	0.743
147	3.713	0.054	0.267	0.535
192	2.298	0.086	0.496	0.691
284	2.750	0.123	0.471	0.703
234	2.487	0.092	0.549	0.694
367	2.719	0.140	0.471	0.733
304	2.143	0.111	0.588	0.772
678	2.470	0.220	0.554	0.788
258	1.003	0.105	0.811	0.878
477	1.581	0.172	0.737	0.807
385	2.961	0.139	0.399	0.729
1446	2.215	0.376	0.600	0.868
707	3.100	0.202	0.368	0.737
430	3.337	0.141	0.302	0.717
961	2.188	0.300	0.612	0.853
304	2.784	0.119	0.458	0.714
201	2.205	0.097	0.552	0.718
362	1.972	0.142	0.605	0.736
325	1.100	0.121	0.829	0.869
787	1.474	0.263	0.772	0.840
200	3.533	0.071	0.328	0.570
880	2.565	0.256	0.521	0.786
1053	2.344	0.289	0.536	0.792
643	1.044	0.254	0.846	0.861
392	1.850	0.169	0.651	0.805
647	1.823	0.234	0.660	0.787
621	2.017	0.203	0.629	0.801
173	2.516	0.063	0.523	0.712
840	1.792	0.268	0.660	0.842
556	3.013	0.165	0.371	0.696
621	2.251	0.197	0.577	0.761
1136	1.514	0.359	0.787	0.898
1106	1.968	0.324	0.659	0.863
598	2.458	0.201	0.523	0.813
332	1.877	0.131	0.628	0.767
266	2.447	0.113	0.585	0.723
1426	0.862	0.416	0.866	0.924
266	2.170	0.125	0.636	0.723
543	2.100	0.229	0.634	0.848
368	2.722	0.146	0.502	0.767
345	2.314	0.144	0.671	0.791
656	0.908	0.241	0.867	0.891
870	1.145	0.301	0.807	0.888
252	1.543	0.088	0.790	0.878
350	1.182	0.150	0.778	0.868
352	1.372	0.144	0.786	0.830
331	1.918	0.132	0.655	0.805
195	1.993	0.072	0.675	0.774
211	3.151	0.080	0.439	0.639
276	2.349	0.107	0.551	0.673
475	1.756	0.186	0.669	0.813
159	2.962	0.063	0.364	0.626
312	0.964	0.114	0.836	0.931
1006	1.850	0.303	0.673	0.844
1984	1.369	0.487	0.784	0.886
347	1.912	0.121	0.646	0.783
803	1.827	0.260	0.674	0.870
930	1.988	0.283	0.646	0.849
1646	1.927	0.443	0.722	0.876
331	1.477	0.157	0.849	0.866
476	0.859	0.173	0.841	0.900
392	2.354	0.135	0.605	0.767
684	2.385	0.213	0.547	0.759
313	1.311	0.138	0.762	0.867
715	3.181	0.195	0.370	0.717
1117	2.393	0.301	0.528	0.835
434	2.872	0.138	0.438	0.622
468	3.846	0.130	0.220	0.671
266	1.942	0.101	0.667	0.773
299	4.230	0.081	0.137	0.673
251	2.056	0.124	0.792	0.818
300	2.552	0.110	0.494	0.704
287	3.466	0.093	0.321	0.643
370	3.812	0.111	0.219	0.703
264	2.235	0.094	0.603	0.748
311	2.337	0.111	0.549	0.787
206	3.647	0.069	0.243	0.601
383	3.836	0.116	0.230	0.665
618	2.703	0.217	0.512	0.802
949	2.107	0.286	0.604	0.847
1175	2.001	0.349	0.659	0.896
925	2.051	0.311	0.753	0.852
696	2.396	0.246	0.546	0.823
1114	1.997	0.331	0.647	0.860
300	2.410	0.122	0.543	0.811
144	2.936	0.065	0.334	0.524
491	2.982	0.177	0.404	0.784
135	3.084	0.080	0.349	0.742
509	2.347	0.186	0.566	0.777
496	2.070	0.194	0.670	0.852
420	1.657	0.173	0.720	0.864
207	3.653	0.095	0.631	0.770
317	3.629	0.116	0.255	0.631
436	3.391	0.145	0.297	0.687
622	3.274	0.184	0.354	0.756
228	3.392	0.083	0.306	0.673
474	2.669	0.184	0.608	0.868
216	2.009	0.080	0.684	0.735
482	2.988	0.165	0.403	0.745
594	3.091	0.196	0.403	0.750
192	3.556	0.083	0.284	0.621
439	1.206	0.175	0.824	0.864
346	3.637	0.113	0.241	0.652
248	1.765	0.112	0.676	0.841
506	1.111	0.204	0.839	0.896
173	2.510	0.071	0.611	0.665
366	2.596	0.138	0.513	0.680
310	1.143	0.120	0.827	0.886
235	3.830	0.107	0.347	0.810
554	1.680	0.259	0.688	0.863
358	1.053	0.129	0.803	0.848
451	2.702	0.182	0.518	0.714
275	0.759	0.106	0.876	0.917
262	4.177	0.102	0.522	0.662
200	3.736	0.075	0.499	0.571
421	0.882	0.160	0.839	0.852
262	0.624	0.119	0.916	0.916
246	1.900	0.111	0.674	0.728
545	0.723	0.190	0.905	0.904
390	0.380	0.148	0.942	0.942
197	1.549	0.088	0.779	0.758
358	0.786	0.145	0.904	0.942
310	1.000	0.128	0.829	0.881
383	0.673	0.165	0.934	0.934
176	2.209	0.073	0.510	0.669
628	1.467	0.258	0.781	0.845
406	1.270	0.174	0.873	0.910
707	1.098	0.276	0.808	0.890
416	1.183	0.166	0.797	0.897
923	0.962	0.309	0.841	0.882
295	0.954	0.108	0.865	0.889
457	2.182	0.170	0.584	0.707
145	2.136	0.061	0.707	0.704
265	1.917	0.098	0.679	0.749
237	1.311	0.100	0.823	0.862
491	2.982	0.177	0.404	0.784
135	3.084	0.080	0.349	0.742
509	2.347	0.186	0.566	0.777