31	2.792	0.041	0.470	0.596
52	2.958	0.051	0.510	0.684
57	1.832	0.059	0.695	0.713
55	2.564	0.056	0.579	0.705
59	2.069	0.059	0.678	0.776
45	2.655	0.045	0.563	0.672
50	3.000	0.055	0.588	0.658
45	1.646	0.055	0.682	0.882
27	3.278	0.025	0.509	0.818
63	1.988	0.062	0.677	0.733
49	1.960	0.054	0.803	0.803
69	1.156	0.089	0.863	0.896
29	3.310	0.033	0.315	0.453
50	2.449	0.052	0.562	0.735
20	3.813	0.021	0.278	0.377
77	1.475	0.080	0.770	0.895
27	4.084	0.027	0.260	0.386
47	1.695	0.061	0.746	0.825
38	1.345	0.052	0.844	0.864
66	2.059	0.068	0.673	0.786
40	2.823	0.043	0.435	0.606
42	1.403	0.048	0.646	0.840
32	3.069	0.041	0.561	0.604
43	2.581	0.050	0.524	0.705
64	1.365	0.068	0.810	0.914
46	3.003	0.046	0.529	0.836
60	1.249	0.069	0.769	0.845
34	2.218	0.044	0.576	0.739
38	2.945	0.045	0.458	0.594
41	2.802	0.049	0.477	0.621
37	2.229	0.041	0.569	0.755
75	2.186	0.081	0.714	0.781
48	1.138	0.056	0.787	0.923
49	2.030	0.054	0.690	0.860
53	1.874	0.052	0.602	0.707
74	2.101	0.068	0.725	0.763
35	2.898	0.039	0.473	0.686
44	2.588	0.047	0.473	0.611
70	1.697	0.076	0.737	0.875
47	1.976	0.047	0.603	0.758
44	2.125	0.044	0.571	0.677
62	2.559	0.058	0.481	0.620
39	4.097	0.041	0.549	0.696
52	2.867	0.065	0.627	0.658
33	3.450	0.039	0.485	0.550
64	1.991	0.079	0.566	0.703
62	1.423	0.075	0.729	0.785
75	2.001	0.071	0.595	0.758
30	2.490	0.029	0.652	0.750
41	2.741	0.045	0.423	0.631
31	2.839	0.030	0.463	0.574
70	1.833	0.078	0.700	0.833
37	4.084	0.037	0.349	0.552
56	2.043	0.053	0.636	0.778
51	2.147	0.078	0.607	0.750
64	2.489	0.061	0.577	0.711
50	1.836	0.047	0.658	0.794
66	1.766	0.078	0.629	0.930
84	1.183	0.082	0.771	0.816
33	4.145	0.038	0.287	0.398
63	2.219	0.072	0.573	0.750
50	3.791	0.053	0.397	0.575
69	2.770	0.066	0.742	0.775
32	2.618	0.044	0.464	0.615
58	2.449	0.069	0.674	0.674
50	2.527	0.056	0.526	0.556
55	2.490	0.055	0.534	0.696
24	3.601	0.026	0.353	0.414
28	3.215	0.029	0.431	0.609
40	2.395	0.048	0.500	0.714
32	3.703	0.035	0.286	0.492
10	4.255	0.010	0.217	0.270
27	3.363	0.029	0.342	0.415
64	1.989	0.087	0.621	0.736
57	2.328	0.055	0.588	0.750
37	2.805	0.037	0.451	0.698
30	3.469	0.034	0.345	0.448
79	2.695	0.074	0.556	0.760
42	4.163	0.042	0.263	0.462
23	3.506	0.022	0.250	0.397
54	2.526	0.057	0.514	0.667
49	3.411	0.049	0.402	0.576
70	3.642	0.069	0.311	0.526
66	1.550	0.076	0.688	0.733
84	1.728	0.089	0.683	0.824
48	3.574	0.047	0.238	0.480
42	3.464	0.043	0.333	0.506
40	3.082	0.046	0.506	0.588
54	2.913	0.057	0.454	0.651
39	3.259	0.045	0.411	0.557
64	4.702	0.073	0.674	0.889
29	3.698	0.031	0.319	0.492
48	2.716	0.048	0.516	0.696
58	2.408	0.065	0.513	0.734
32	3.617	0.038	0.400	0.653
35	3.066	0.039	0.407	0.614
24	3.429	0.029	0.293	0.490
68	2.178	0.085	0.591	0.654
49	3.801	0.069	0.598	0.778
45	2.157	0.049	0.542	0.625
54	3.447	0.064	0.500	0.593
60	2.722	0.058	0.435	0.619
53	2.822	0.047	0.405	0.609
18	4.705	0.017	0.205	0.269
47	3.230	0.042	0.346	0.528
54	4.381	0.050	0.331	0.563
45	3.743	0.049	0.306	0.405
8	5.198	0.008	0.186	0.258
63	2.238	0.057	0.553	0.677
59	1.285	0.064	0.787	0.894
53	2.432	0.049	0.552	0.679
28	3.374	0.027	0.467	0.491
61	3.133	0.089	0.709	0.782
54	2.601	0.086	0.740	0.806
75	1.443	0.069	0.773	0.862
62	2.576	0.064	0.488	0.667
70	2.944	0.074	0.419	0.551
43	3.732	0.052	0.391	0.537
79	2.851	0.079	0.513	0.653
58	2.595	0.070	0.682	0.773
54	3.407	0.065	0.482	0.711
23	3.042	0.022	0.299	0.442
51	3.728	0.050	0.357	0.510
34	2.909	0.035	0.382	0.567
19	3.106	0.020	0.284	0.404
43	3.155	0.066	0.448	0.694
44	2.756	0.061	0.376	0.603
57	2.697	0.067	0.460	0.695
26	3.098	0.025	0.347	0.500
52	3.381	0.051	0.477	0.658
59	3.235	0.060	0.551	0.656
64	2.751	0.072	0.467	0.660
46	3.627	0.053	0.390	0.535
26	3.483	0.034	0.205	0.419
81	3.206	0.075	0.379	0.609
69	2.507	0.068	0.429	0.683
66	2.282	0.073	0.545	0.695
37	3.705	0.043	0.280	0.500
26	3.906	0.031	0.321	0.406
31	3.526	0.037	0.383	0.608
73	2.479	0.078	0.545	0.716
35	3.632	0.041	0.361	0.538
41	3.027	0.042	0.532	0.641
76	2.268	0.081	0.598	0.738
64	2.006	0.066	0.538	0.681
99	3.058	0.388	0.631	0.876
77	2.364	0.085	0.583	0.726
46	3.139	0.048	0.422	0.548
43	2.921	0.043	0.439	0.614
35	2.071	0.037	0.538	0.814
49	2.009	0.061	0.653	0.790
64	2.136	0.067	0.593	0.753
62	2.035	0.077	0.626	0.775
44	3.093	0.047	0.478	0.603
55	3.016	0.053	0.500	0.696
72	2.884	0.089	0.649	0.774
42	3.685	0.044	0.553	0.609
68	2.018	0.065	0.624	0.773
82	2.234	0.081	0.536	0.689
60	2.295	0.066	0.606	0.800
45	3.166	0.047	0.634	0.750
73	2.022	0.078	0.589	0.709
40	3.168	0.039	0.374	0.580
38	2.900	0.035	0.413	0.551
57	2.403	0.059	0.564	0.713
55	2.471	0.054	0.764	0.786
53	2.807	0.052	0.469	0.671
41	3.485	0.045	0.366	0.603
58	2.848	0.059	0.450	0.699
89	2.058	0.088	0.601	0.788
32	6.173	0.036	0.492	0.593
49	1.241	0.049	0.754	0.875
53	1.927	0.056	0.609	0.679
70	2.316	0.063	0.551	0.686
59	2.041	0.054	0.567	0.670
76	1.674	0.071	0.731	0.894
41	3.306	0.036	0.366	0.554
62	1.681	0.068	0.795	0.886
53	2.869	0.047	0.457	0.646
59	2.320	0.053	0.670	0.787
69	1.294	0.073	0.863	0.896
43	2.876	0.047	0.606	0.705
67	3.099	0.068	0.563	0.779
59	2.435	0.058	0.567	0.738
39	2.831	0.035	0.470	0.639
42	2.088	0.049	0.636	0.778
49	1.311	0.049	0.778	0.766
53	2.038	0.050	0.624	0.828
110	8.324	0.521	0.809	0.894
63	3.174	0.072	0.394	0.594
64	1.991	0.061	0.627	0.771
59	2.296	0.058	0.670	0.808
45	2.566	0.045	0.500	0.625
43	1.611	0.049	0.717	0.782
46	1.471	0.056	0.719	0.767
38	2.541	0.041	0.442	0.691
29	2.740	0.040	0.659	0.725
37	3.405	0.034	0.311	0.487
53	1.385	0.054	0.757	0.746
49	2.195	0.058	0.653	0.817
37	2.933	0.042	0.493	0.607
28	4.055	0.025	0.189	0.315
45	2.669	0.046	0.529	0.584
83	1.783	0.089	0.748	0.776
66	2.183	0.070	0.653	0.742
39	2.760	0.039	0.494	0.684
41	2.365	0.040	0.586	0.672
57	2.246	0.061	0.695	0.750
43	1.835	0.051	0.581	0.768
34	3.378	0.037	0.523	0.531
61	3.298	0.065	0.709	0.859
22	2.931	0.024	0.407	0.500
35	3.208	0.035	0.467	0.565
15	5.551	0.016	0.200	0.333
58	3.802	0.056	0.547	0.637
59	2.798	0.056	0.431	0.634
63	1.161	0.076	0.759	0.900
83	2.305	0.076	0.568	0.755
37	4.631	0.037	0.184	0.316
29	4.698	0.031	0.282	0.446
35	3.901	0.036	0.321	0.515
17	4.274	0.016	0.193	0.309
35	1.716	0.038	0.854	0.897
44	3.831	0.046	0.389	0.440
27	4.357	0.026	0.148	0.375
14	4.568	0.015	0.112	0.246
42	4.887	0.040	0.368	0.494
41	2.381	0.042	0.594	0.641
54	3.025	0.058	0.600	0.701
52	2.832	0.046	0.500	0.675
54	1.641	0.058	0.711	0.806
53	1.580	0.081	0.654	0.841
17	6.065	0.023	0.370	0.486
53	1.629	0.055	0.646	0.768
79	1.580	0.072	0.806	0.859
31	5.030	0.035	0.585	0.620
53	2.699	0.062	0.482	0.639
28	3.324	0.026	0.315	0.491
57	1.982	0.070	0.713	0.877
73	1.480	0.105	0.811	0.830
68	1.242	0.075	0.861	0.919
38	2.098	0.052	0.760	0.844
32	3.234	0.034	0.432	0.615
63	2.265	0.079	0.724	0.778
74	0.735	0.071	0.892	0.937
49	3.314	0.055	0.476	0.645
62	2.269	0.078	0.729	0.827
59	2.599	0.068	0.562	0.670
39	2.787	0.043	0.406	0.565
58	1.898	0.061	0.652	0.725
71	2.588	0.079	0.522	0.664
43	2.790	0.042	0.566	0.768
88	3.661	0.094	0.846	0.889
38	2.825	0.036	0.447	0.585
41	2.286	0.043	0.695	0.759
29	3.470	0.030	0.392	0.580
34	2.506	0.035	0.472	0.531
60	1.831	0.062	0.698	0.857
64	1.950	0.068	0.660	0.842
91	1.220	0.090	0.746	0.820
77	1.515	0.081	0.720	0.748
42	1.891	0.052	0.627	0.824
22	3.854	0.021	0.208	0.297
52	3.198	0.052	0.525	0.605
56	1.466	0.054	0.757	0.933
72	1.010	0.086	0.783	0.847
43	2.634	0.043	0.683	0.782
50	4.782	0.054	0.562	0.633
30	3.522	0.030	0.341	0.492
27	3.954	0.031	0.403	0.600
30	3.075	0.031	0.455	0.508
34	2.927	0.038	0.586	0.576
52	2.306	0.054	0.667	0.813
31	3.203	0.030	0.456	0.689
35	2.068	0.034	0.500	0.729
65	3.493	0.200	0.591	0.739
40	1.711	0.055	0.741	0.727
41	2.714	0.042	0.512	0.641
47	1.663	0.059	0.635	0.825
35	2.829	0.036	0.372	0.522
52	2.471	0.067	0.650	0.693
22	4.800	0.029	0.449	0.579
20	3.326	0.028	0.253	0.392
54	2.725	0.057	0.568	0.692
93	1.142	0.089	0.838	0.886
64	2.170	0.071	0.610	0.660
37	3.093	0.035	0.587	0.649
61	2.377	0.057	0.545	0.693
51	2.157	0.060	0.537	0.680
96	1.337	0.087	0.787	0.850
56	2.102	0.063	0.691	0.848
49	2.467	0.050	0.430	0.710
41	5.107	0.043	0.398	0.519
42	2.430	0.043	0.568	0.689
55	2.493	0.052	0.591	0.705
63	2.349	0.060	0.508	0.643
64	2.097	0.064	0.566	0.800
38	3.049	0.038	0.481	0.623
78	1.806	0.075	0.634	0.757
51	2.259	0.051	0.515	0.739
27	4.335	0.033	0.200	0.397
92	4.026	0.098	0.259	0.692
58	1.948	0.051	0.604	0.763
44	2.857	0.045	0.468	0.667
30	3.649	0.036	0.441	0.577
78	2.388	0.071	0.531	0.703
28	3.679	0.031	0.322	0.444
7	5.275	0.007	0.064	0.111
39	2.929	0.041	0.448	0.506
44	1.676	0.052	0.710	0.759
18	4.432	0.019	0.178	0.346
48	2.190	0.056	0.571	0.706
44	2.061	0.044	0.489	0.564
61	1.945	0.073	0.587	0.701
41	3.977	0.048	0.461	0.695
54	3.464	0.045	0.386	0.614
51	2.125	0.067	0.560	0.739
46	2.783	0.052	0.523	0.622
57	3.123	0.060	0.348	0.496
77	5.276	0.080	0.542	0.688
69	2.217	0.066	0.704	0.831
77	2.292	0.096	0.538	0.770
60	2.776	0.062	0.423	0.612
52	4.282	0.055	0.349	0.542
51	3.347	0.048	0.392	0.543
65	2.519	0.062	0.556	0.650
77	2.620	0.078	0.524	0.681
38	4.889	0.049	0.362	0.585
29	3.698	0.029	0.279	0.453
38	4.266	0.037	0.358	0.481
41	3.978	0.048	0.414	0.500
40	1.741	0.059	0.656	0.784
56	2.032	0.066	0.675	0.812
66	2.024	0.068	0.611	0.717
45	3.245	0.050	0.506	0.714
49	1.625	0.074	0.662	0.766
67	3.437	0.061	0.650	0.779
33	4.357	0.033	0.224	0.429
30	3.483	0.034	0.288	0.385
53	2.150	0.075	0.589	0.707
49	3.645	0.059	0.490	0.613
58	3.072	0.067	0.464	0.617
30	2.778	0.026	0.517	0.682
38	3.322	0.049	0.400	0.585
39	2.835	0.063	0.722	0.736
53	4.139	0.048	0.198	0.417
51	2.860	0.062	0.398	0.548
83	1.616	0.110	0.790	0.838
63	1.862	0.079	0.808	0.926
41	3.312	0.048	0.519	0.683
89	1.484	0.109	0.730	0.802
33	2.695	0.040	0.493	0.673
41	2.573	0.048	0.519	0.603
35	1.975	0.048	0.648	0.795
75	1.448	0.090	0.806	0.882
41	1.981	0.050	0.672	0.759
71	1.647	0.090	0.789	0.780
61	1.437	0.073	0.772	0.847
27	2.959	0.033	0.491	0.574
37	1.409	0.033	0.755	0.902
75	1.932	0.092	0.750	0.798
50	2.015	0.061	0.704	0.833
61	2.526	0.071	0.555	0.718
72	2.202	0.086	0.713	0.713
49	2.850	0.056	0.516	0.710
39	3.259	0.045	0.415	0.506
54	2.570	0.062	0.495	0.701
48	3.460	0.049	0.322	0.490
67	2.794	0.060	0.447	0.573
57	2.840	0.057	0.429	0.606
60	2.776	0.068	0.531	0.698
41	2.945	0.037	0.353	0.621
26	3.278	0.030	0.333	0.433
40	3.988	0.046	0.342	0.513
56	3.122	0.058	0.306	0.622
36	4.346	0.041	0.387	0.468
43	3.582	0.040	0.457	0.614
55	2.676	0.062	0.451	0.611
59	2.979	0.052	0.472	0.648
27	3.206	0.033	0.360	0.551
19	4.255	0.020	0.237	0.432
33	4.793	0.035	0.231	0.398
44	3.631	0.050	0.301	0.478
42	3.402	0.048	0.341	0.525
46	4.152	0.067	0.667	0.742
64	2.272	0.071	0.520	0.711
57	2.445	0.063	0.523	0.679
72	2.029	0.069	0.610	0.742
43	2.361	0.045	0.524	0.683
70	2.699	0.076	0.470	0.609
41	2.474	0.048	0.461	0.661
42	4.747	0.045	0.271	0.506
57	2.065	0.063	0.570	0.671
29	2.950	0.035	0.420	0.725
45	2.144	0.041	0.600	0.682
42	1.634	0.051	0.750	0.824
56	2.075	0.066	0.615	0.757
26	3.371	0.032	0.394	0.510
52	2.702	0.057	0.510	0.578
18	4.323	0.019	0.383	0.409
69	3.261	0.069	0.507	0.605
31	1.785	0.037	0.756	0.795
59	2.138	0.067	0.787	0.868
48	2.229	0.052	0.539	0.727
51	2.241	0.046	0.646	0.836
64	2.218	0.079	0.753	0.800
39	2.857	0.039	0.513	0.557
66	2.148	0.071	0.606	0.702
61	1.754	0.064	0.685	0.824
52	1.078	0.056	0.813	0.839
57	2.383	0.060	0.553	0.671
72	2.292	0.075	0.595	0.686
76	1.543	0.068	0.738	0.809
83	4.007	0.087	0.399	0.629
61	2.343	0.065	0.575	0.772
38	2.636	0.042	0.494	0.567
45	1.773	0.049	0.726	0.849
49	1.729	0.054	0.700	0.790
39	2.623	0.044	0.557	0.650
47	2.175	0.049	0.553	0.573
42	1.683	0.046	0.724	0.764
32	3.236	0.039	0.492	0.615
68	1.772	0.066	0.782	0.840
36	2.397	0.040	0.590	0.590
32	2.321	0.033	0.516	0.744
36	3.700	0.039	0.545	0.621
43	3.903	0.042	0.597	0.652
50	2.264	0.046	0.641	0.806
43	3.112	0.043	0.551	0.632
34	1.577	0.037	0.708	0.756
40	3.526	0.039	0.580	0.741
29	4.134	0.030	0.315	0.468
45	2.477	0.039	0.584	0.763
50	3.599	0.045	0.581	0.746
39	1.675	0.041	0.696	0.780
45	1.679	0.044	0.703	0.714
31	3.161	0.029	0.369	0.456
53	1.389	0.050	0.757	0.898
35	3.496	0.033	0.530	0.673
81	2.231	0.077	0.523	0.704
33	3.233	0.032	0.407	0.500
50	1.720	0.043	0.781	0.847
41	2.236	0.040	0.554	0.641
67	1.937	0.072	0.684	0.827
64	2.106	0.070	0.667	0.810
41	2.209	0.043	0.774	0.820
52	2.569	0.052	0.578	0.703
49	3.067	0.051	0.495	0.671
69	1.465	0.070	0.821	0.841
46	1.889	0.046	0.639	0.667
41	3.915	0.039	0.539	0.719
47	2.051	0.042	0.644	0.662
40	2.494	0.045	0.460	0.580
54	2.293	0.049	0.600	0.740
47	2.753	0.047	0.461	0.573
37	3.214	0.033	0.435	0.587
55	1.527	0.061	0.873	0.887
86	2.921	0.113	0.789	0.843
67	2.306	0.069	0.515	0.736
40	2.568	0.042	0.482	0.645
46	2.384	0.053	0.460	0.582
78	2.700	0.099	0.796	0.897
68	2.415	0.057	0.562	0.648
31	3.253	0.048	0.508	0.674
58	2.458	0.062	0.734	0.829
69	1.635	0.078	0.831	0.841
53	1.552	0.059	0.639	0.736
50	2.200	0.045	0.588	0.735
55	1.870	0.068	0.733	0.846
22	4.690	0.020	0.204	0.289
49	2.118	0.054	0.598	0.721
37	2.734	0.036	0.481	0.698
58	2.546	0.051	0.542	0.630
46	2.411	0.047	0.554	0.667
63	1.142	0.060	0.900	0.955
8	6.141	0.008	0.123	0.136
32	3.821	0.037	0.471	0.571
26	3.763	0.029	0.342	0.456
40	2.165	0.048	0.556	0.678
39	2.045	0.041	0.582	0.796
61	1.395	0.061	0.824	0.884
68	1.601	0.062	0.739	0.739
60	2.645	0.063	0.619	0.674
71	1.266	0.065	0.780	0.835
75	1.299	0.073	0.862	0.872
33	3.188	0.031	0.375	0.600
66	1.416	0.080	0.733	0.795
34	7.089	0.030	0.291	0.382
55	1.602	0.059	0.743	0.821
57	2.987	0.058	0.679	0.740
72	1.821	0.071	0.742	0.720
52	2.176	0.056	0.712	0.776
46	3.262	0.047	0.535	0.575
60	2.088	0.059	0.706	0.811
25	2.853	0.024	0.500	0.510
46	1.622	0.044	0.807	0.902
56	0.671	0.065	0.889	0.933
68	1.452	0.067	0.773	0.800
65	1.872	0.065	0.722	0.783
48	1.957	0.045	0.658	0.706
55	2.553	0.055	0.618	0.724
43	3.191	0.039	0.344	0.531
66	2.598	0.062	0.537	0.725
42	2.359	0.039	0.560	0.677
52	1.869	0.048	0.591	0.712
26	3.285	0.024	0.310	0.433
62	2.330	0.053	0.534	0.590
42	1.198	0.038	0.792	0.857
51	2.533	0.048	0.548	0.773
31	2.947	0.029	0.456	0.564
63	1.667	0.065	0.768	0.829
28	2.927	0.027	0.452	0.528
66	2.143	0.059	0.688	0.742
36	1.957	0.032	0.643	0.783
44	2.498	0.041	0.571	0.677
87	0.454	0.089	0.906	0.926
62	2.662	0.060	0.639	0.756
41	2.211	0.036	0.621	0.788
56	1.982	0.048	0.659	0.727
47	1.655	0.043	0.746	0.887
75	1.772	0.065	0.728	0.765
66	1.694	0.057	0.695	0.767
35	2.344	0.032	0.522	0.625
29	2.986	0.028	0.387	0.475
63	1.196	0.069	0.926	0.875
87	2.335	0.092	0.725	0.763
37	2.390	0.038	0.529	0.587
42	2.735	0.038	0.467	0.609
29	3.153	0.029	0.312	0.468
41	2.776	0.039	0.432	0.672
39	2.138	0.035	0.582	0.696
42	2.928	0.042	0.452	0.568
50	1.712	0.047	0.704	0.769
79	1.015	0.082	0.859	0.908
57	2.590	0.057	0.523	0.687
72	1.557	0.065	0.809	0.828
61	2.398	0.060	0.560	0.616
28	3.272	0.027	0.509	0.667
79	0.781	0.081	0.919	0.929
51	0.940	0.053	0.836	0.823
78	2.102	0.078	0.624	0.804
66	2.170	0.069	0.623	0.767
47	1.999	0.047	0.712	0.783
53	2.641	0.047	0.570	0.688
110	1.094	0.103	0.803	0.840
54	2.311	0.057	0.574	0.711
63	1.782	0.058	0.724	0.875
62	1.582	0.057	0.689	0.765
54	2.140	0.058	0.783	0.871
58	1.668	0.056	0.667	0.682
62	1.471	0.065	0.681	0.785
27	3.196	0.034	0.386	0.491
41	2.469	0.039	0.594	0.732
44	2.667	0.040	0.478	0.620
31	3.798	0.033	0.290	0.456
27	3.921	0.030	0.293	0.409
27	3.667	0.028	0.314	0.415
31	3.768	0.036	0.470	0.721
49	4.267	0.060	0.495	0.636
42	2.753	0.041	0.442	0.600
46	2.757	0.057	0.742	0.868
26	3.533	0.026	0.448	0.578
54	2.514	0.054	0.446	0.667
60	1.818	0.061	0.638	0.698
55	1.993	0.060	0.696	0.821
21	3.563	0.023	0.226	0.304
45	2.620	0.048	0.395	0.672
71	1.338	0.074	0.772	0.798
26	3.970	0.027	0.347	0.441
37	3.091	0.038	0.398	0.536
33	2.881	0.033	0.402	0.702
68	2.987	0.063	0.519	0.618
40	3.728	0.046	0.588	0.656
45	1.679	0.048	0.703	0.818
51	3.401	0.055	0.500	0.586
38	2.618	0.042	0.633	0.731
39	2.358	0.038	0.542	0.661
70	1.640	0.078	0.761	0.805
67	2.891	0.078	0.554	0.728
16	3.056	0.020	0.471	0.533
36	3.644	0.047	0.364	0.529
66	1.330	0.080	0.767	0.880
45	2.267	0.040	0.616	0.726
79	1.017	0.069	0.798	0.859
57	1.567	0.056	0.713	0.695
47	1.341	0.045	0.825	0.940
44	3.524	0.041	0.489	0.524
20	4.115	0.018	0.333	0.417
57	1.345	0.088	0.792	0.851
67	2.334	0.060	0.626	0.770
51	2.221	0.049	0.662	0.654
53	1.298	0.058	0.746	0.855
40	2.225	0.038	0.625	0.645
73	1.916	0.091	0.716	0.820
50	2.328	0.044	0.617	0.725
68	1.947	0.071	0.667	0.731
59	3.003	0.058	0.573	0.738
34	3.199	0.033	0.486	0.531
64	1.712	0.058	0.674	0.696
40	3.419	0.040	0.513	0.702
73	1.437	0.085	0.695	0.859
75	1.783	0.079	0.714	0.721
74	2.427	0.088	0.779	0.851
95	2.399	0.101	0.613	0.805
83	3.490	0.088	0.461	0.568
55	1.948	0.059	0.714	0.786
58	2.866	0.069	0.563	0.667
85	2.301	0.080	0.590	0.691
71	2.110	0.084	0.623	0.645
20	3.310	0.025	0.465	0.556
41	2.019	0.048	0.631	0.745
33	2.232	0.047	0.767	0.846
54	2.122	0.057	0.581	0.711
95	1.525	0.107	0.826	0.848
50	2.637	0.048	0.521	0.610
52	2.911	0.054	0.448	0.634
50	3.353	0.054	0.373	0.562
42	2.960	0.045	0.429	0.618
47	2.280	0.051	0.810	0.770
51	2.611	0.074	0.729	0.810
65	5.755	0.081	0.580	0.730
111	3.107	0.120	0.631	0.793
34	3.826	0.037	0.436	0.531
111	2.205	0.122	0.617	0.799
83	2.853	0.077	0.474	0.664
67	1.816	0.070	0.788	0.817
55	2.237	0.060	0.556	0.753
87	3.119	0.107	0.750	0.853
62	2.254	0.064	0.579	0.765
76	1.597	0.067	0.710	0.731
32	2.425	0.030	0.485	0.711
29	3.104	0.027	0.362	0.500
36	3.015	0.035	0.474	0.667
72	2.558	0.072	0.477	0.706
80	1.699	0.091	0.645	0.808
62	2.269	0.059	0.626	0.697
66	2.222	0.063	0.537	0.742
85	1.612	0.073	0.802	0.895
53	1.879	0.048	0.596	0.815
41	3.393	0.040	0.398	0.612
61	2.063	0.061	0.718	0.762
57	2.058	0.050	0.671	0.770
53	3.436	0.057	0.393	0.515
56	2.656	0.078	0.636	0.757
24	3.406	0.022	0.270	0.462
52	2.439	0.045	0.495	0.776
38	4.566	0.033	0.373	0.452
29	2.590	0.030	0.426	0.604
34	2.970	0.037	0.459	0.654
58	2.544	0.054	0.532	0.744
51	2.057	0.056	0.729	0.823
15	4.540	0.014	0.192	0.283
44	2.502	0.049	0.647	0.698
70	2.267	0.070	0.530	0.667
23	4.574	0.022	0.333	0.460
52	2.268	0.055	0.536	0.788
40	4.007	0.047	0.345	0.519
32	3.970	0.037	0.360	0.500
57	1.333	0.057	0.781	0.826
110	1.587	0.114	0.738	0.809
60	2.335	0.071	0.723	0.811
75	1.838	0.081	0.694	0.773
50	3.168	0.048	0.413	0.485
54	2.018	0.067	0.563	0.684
43	2.157	0.058	0.551	0.694
53	2.486	0.058	0.609	0.716
41	2.428	0.038	0.621	0.707
67	3.558	0.083	0.609	0.728
22	3.640	0.028	0.282	0.415
92	1.024	0.091	0.800	0.868
80	1.241	0.078	0.702	0.860
91	1.759	0.089	0.689	0.813
27	3.540	0.025	0.338	0.474
67	1.184	0.089	0.779	0.798
55	1.641	0.082	0.797	0.797
30	5.392	0.034	0.261	0.357
90	2.098	0.086	0.720	0.811
119	0.921	0.116	0.881	0.902
39	3.834	0.049	0.375	0.459
31	1.846	0.042	0.585	0.721
41	2.305	0.037	0.631	0.719
40	2.290	0.063	0.556	0.755
80	1.124	0.073	0.800	0.889
56	2.277	0.058	0.583	0.691
44	2.060	0.051	0.786	0.800
36	3.094	0.052	0.507	0.655
97	1.479	0.105	0.776	0.874
21	3.543	0.019	0.309	0.375
59	1.944	0.063	0.602	0.694
48	2.955	0.049	0.425	0.593
63	1.530	0.084	0.750	0.875
57	2.810	0.070	0.463	0.781
104	2.694	0.103	0.608	0.722
31	3.231	0.034	0.425	0.574
52	1.455	0.058	0.703	0.881
68	2.615	0.070	0.576	0.701
62	1.683	0.061	0.738	0.873
51	1.972	0.044	0.671	0.708
50	1.404	0.062	0.746	0.746
62	2.011	0.067	0.569	0.721
51	3.312	0.056	0.567	0.646
78	1.913	0.068	0.678	0.788
41	2.469	0.041	0.641	0.707
51	2.543	0.051	0.718	0.718
46	3.530	0.041	0.422	0.489
80	1.557	0.070	0.734	0.860
58	1.600	0.051	0.699	0.829
67	1.920	0.061	0.788	0.859
59	1.583	0.063	0.702	0.766
37	2.759	0.033	0.446	0.638
59	1.122	0.053	0.868	0.855
46	2.040	0.042	0.687	0.730
23	4.134	0.023	0.411	0.500
74	1.489	0.063	0.771	0.841
61	2.038	0.061	0.635	0.744
27	3.220	0.041	0.491	0.587
61	2.154	0.061	0.701	0.824
76	2.321	0.094	0.817	0.817
25	4.302	0.028	0.543	0.568
44	2.206	0.058	0.721	0.815
49	2.430	0.045	0.605	0.742
49	1.926	0.059	0.653	0.754
54	1.245	0.059	0.783	0.900
62	2.427	0.065	0.646	0.756
64	1.802	0.091	0.640	0.762
19	3.385	0.017	0.247	0.302
78	1.770	0.094	0.743	0.821
49	5.436	0.057	0.422	0.620
26	4.228	0.030	0.329	0.565
41	2.880	0.042	0.603	0.683
43	3.233	0.047	0.558	0.705
64	2.060	0.112	0.593	0.762
45	2.815	0.054	0.506	0.608
50	2.023	0.069	0.735	0.781
72	2.761	0.067	0.554	0.686
22	2.933	0.021	0.595	0.759
67	1.492	0.071	0.770	0.838
64	1.749	0.070	0.646	0.753
87	1.924	0.085	0.664	0.770
37	3.122	0.041	0.607	0.661
75	1.071	0.067	0.798	0.773
26	3.175	0.026	0.317	0.371
19	4.198	0.019	0.186	0.302
84	0.844	0.080	0.857	0.944
69	2.060	0.073	0.552	0.734
48	3.116	0.049	0.649	0.706
36	3.696	0.035	0.379	0.456
93	2.741	0.095	0.679	0.788
49	2.702	0.067	0.471	0.613
25	3.964	0.032	0.325	0.568
89	1.090	0.078	0.840	0.927
87	1.930	0.090	0.608	0.680
70	2.008	0.080	0.642	0.686
42	2.875	0.047	0.494	0.689
35	4.766	0.047	0.327	0.412
39	2.491	0.044	0.527	0.672
67	3.241	0.064	0.465	0.632
80	2.296	0.077	0.530	0.690
47	2.968	0.048	0.534	0.627
57	2.538	0.056	0.533	0.648
30	3.772	0.029	0.270	0.545
57	2.708	0.057	0.504	0.663
47	2.979	0.055	0.516	0.723
28	3.304	0.030	0.337	0.500
29	3.619	0.042	0.617	0.674
55	2.251	0.110	0.539	0.679
49	2.510	0.044	0.450	0.671
29	3.039	0.040	0.377	0.547
37	6.724	0.061	0.468	0.617
66	2.291	0.100	0.589	0.767
58	2.804	0.074	0.617	0.806
63	3.956	0.105	0.692	0.708
26	1.355	0.047	0.650	0.743
26	3.488	0.032	0.310	0.419
57	1.670	0.052	0.713	0.851
13	3.709	0.068	0.500	0.722
68	2.568	0.081	0.557	0.747
50	13.594	0.085	0.581	0.725
9	3.217	0.036	0.643	0.750
76	2.309	0.085	0.738	0.826
48	1.955	0.048	0.686	0.857
58	2.505	0.065	0.479	0.690
39	3.713	0.041	0.565	0.672
53	2.648	0.065	0.582	0.688
25	4.457	0.025	0.313	0.410
28	4.709	0.028	0.166	0.337
75	2.609	0.088	0.568	0.708
40	2.648	0.054	0.563	0.571
39	1.845	0.034	0.650	0.780
24	3.542	0.023	0.289	0.500
56	4.000	0.059	0.335	0.560
22	4.178	0.025	0.268	0.393
43	3.599	0.043	0.371	0.614
39	4.457	0.040	0.283	0.448
35	3.475	0.036	0.372	0.438
28	3.808	0.030	0.243	0.406
23	3.336	0.023	0.324	0.442
45	4.758	0.052	0.479	0.643
60	2.452	0.067	0.536	0.750
44	2.114	0.045	0.415	0.603
49	4.107	0.048	0.605	0.742
26	3.035	0.028	0.356	0.531
50	2.281	0.056	0.694	0.758
55	1.260	0.060	0.786	0.873
102	1.178	0.102	0.879	0.872
37	4.124	0.043	0.607	0.661
40	3.252	0.049	0.506	0.597
87	1.547	0.102	0.813	0.861
79	2.204	0.087	0.738	0.790
46	1.072	0.049	0.793	0.885
41	1.974	0.057	0.672	0.732
38	3.250	0.038	0.432	0.576
37	3.333	0.039	0.500	0.587
70	0.983	0.081	0.833	0.843
59	1.375	0.063	0.787	0.855
66	3.077	0.070	0.776	0.805
63	3.199	0.069	0.568	0.700
44	1.726	0.047	0.688	0.746
30	2.014	0.031	0.652	0.638
96	1.477	0.102	0.750	0.850
50	1.796	0.051	0.735	0.847
58	1.933	0.062	0.682	0.725
37	2.507	0.043	0.474	0.561
93	0.793	0.104	0.861	0.894
70	2.435	0.071	0.648	0.787
38	2.874	0.049	0.543	0.594
41	3.842	0.046	0.532	0.695
63	1.684	0.067	0.741	0.797
28	2.759	0.030	0.444	0.528
83	1.441	0.088	0.798	0.822
49	2.388	0.054	0.570	0.653
31	2.855	0.033	0.425	0.534
75	2.546	0.063	0.478	0.694
23	3.224	0.022	0.315	0.442
76	1.120	0.076	0.792	0.927
30	1.336	0.029	0.698	0.811
58	5.066	0.080	0.492	0.637
58	2.146	0.065	0.580	0.841
40	3.082	0.043	0.526	0.714
60	3.083	0.057	0.550	0.667
62	2.239	0.064	0.579	0.705
42	3.147	0.043	0.700	0.875
30	3.127	0.030	0.366	0.500
46	2.852	0.045	0.434	0.561
32	2.551	0.033	0.444	0.552
63	2.626	0.067	0.543	0.624
41	3.416	0.047	0.532	0.631
45	3.060	0.049	0.338	0.563
82	2.262	0.081	0.562	0.739
32	3.320	0.036	0.320	0.593
85	0.810	0.092	0.850	0.934
31	3.459	0.035	0.477	0.585
35	3.279	0.043	0.417	0.500
40	2.509	0.042	0.506	0.635
69	2.274	0.079	0.611	0.775
56	1.946	0.056	0.675	0.812
87	1.947	0.087	0.621	0.744
58	2.436	0.066	0.472	0.558
43	2.204	0.046	0.483	0.606
39	1.808	0.044	0.629	0.813
37	3.128	0.041	0.333	0.514
66	1.921	0.076	0.815	0.825
33	2.978	0.038	0.418	0.493
39	3.219	0.042	0.487	0.574
34	2.805	0.035	0.515	0.607
40	2.946	0.037	0.513	0.645
32	2.323	0.036	0.615	0.711
59	1.936	0.054	0.634	0.756
47	1.621	0.050	0.701	0.770
41	2.336	0.042	0.554	0.631
41	2.932	0.039	0.466	0.577
66	1.561	0.064	0.702	0.805
58	1.921	0.055	0.707	0.734
52	4.638	0.076	0.754	0.754
85	1.433	0.088	0.817	0.859
20	3.374	0.026	0.370	0.476
33	2.567	0.029	0.589	0.579
81	2.680	0.088	0.429	0.681
41	2.278	0.045	0.494	0.759
42	3.123	0.047	0.538	0.618
51	2.851	0.062	0.459	0.622
59	2.100	0.075	0.621	0.678
32	3.568	0.043	0.508	0.582
67	2.219	0.077	0.698	0.698
40	2.481	0.036	0.615	0.727
30	4.587	0.042	0.667	0.652
69	2.454	0.067	0.483	0.639
78	1.618	0.082	0.709	0.729
48	2.047	0.053	0.676	0.857
39	4.216	0.039	0.429	0.542
67	1.515	0.063	0.770	0.817
75	2.680	0.073	0.507	0.708
36	3.767	0.034	0.279	0.424
33	1.937	0.034	0.550	0.750
3	6.434	0.003	0.049	0.077
50	2.521	0.047	0.476	0.568
70	1.426	0.066	0.729	0.886
34	2.799	0.035	0.459	0.567
49	1.844	0.044	0.653	0.710
63	1.977	0.069	0.636	0.778
46	1.733	0.045	0.780	0.821
31	4.015	0.033	0.360	0.544
57	1.765	0.055	0.760	0.826
52	2.318	0.049	0.684	0.788
37	3.313	0.034	0.487	0.587
43	3.368	0.040	0.531	0.623
38	3.368	0.035	0.328	0.452
80	1.113	0.100	0.870	0.833
37	3.322	0.040	0.378	0.514
49	2.847	0.051	0.450	0.681
40	2.700	0.037	0.354	0.606
56	3.493	0.048	0.316	0.571
63	1.968	0.061	0.768	0.840
40	2.826	0.040	0.455	0.580
40	2.688	0.037	0.460	0.563
50	2.944	0.049	0.357	0.610
23	3.640	0.023	0.232	0.365
67	3.003	0.064	0.532	0.705
47	3.437	0.044	0.409	0.588
36	3.332	0.033	0.346	0.545
44	2.051	0.044	0.638	0.733
74	1.694	0.071	0.747	0.831
21	4.171	0.038	0.333	0.438
80	2.675	0.086	0.304	0.667
47	4.345	0.051	0.395	0.603
59	2.150	0.084	0.678	0.787
48	2.115	0.063	0.578	0.676
41	3.722	0.041	0.253	0.451
49	2.308	0.058	0.653	0.754
51	2.197	0.089	0.773	0.823
49	2.839	0.057	0.516	0.790
48	2.683	0.065	0.552	0.787
38	1.769	0.035	0.655	0.667
55	5.575	0.068	0.362	0.733
79	2.678	0.079	0.451	0.699
33	2.204	0.055	0.516	0.750
30	2.354	0.036	0.556	0.625
34	2.293	0.045	0.548	0.694
80	2.106	0.089	0.611	0.784
16	3.317	0.022	0.258	0.381
26	3.613	0.045	0.286	0.419
35	3.837	0.041	0.313	0.455
29	3.648	0.034	0.326	0.537
59	2.922	0.062	0.410	0.648
32	4.116	0.031	0.216	0.376
28	3.533	0.033	0.359	0.538
42	4.271	0.049	0.302	0.500
74	3.955	0.080	0.228	0.612
79	1.588	0.073	0.760	0.823
37	3.267	0.038	0.330	0.398
56	2.848	0.056	0.381	0.566
72	1.928	0.068	0.713	0.800
52	2.958	0.052	0.477	0.542
45	3.183	0.052	0.474	0.625
49	1.737	0.059	0.742	0.754
49	2.911	0.060	0.485	0.690
53	1.743	0.061	0.736	0.869
46	2.324	0.048	0.561	0.622
50	2.071	0.050	0.588	0.746
35	2.395	0.043	0.507	0.660
30	2.300	0.042	0.517	0.714
66	2.329	0.072	0.702	0.786
43	0.740	0.055	0.896	0.811
43	2.038	0.048	0.662	0.782
32	1.975	0.038	0.696	0.780
39	1.801	0.063	0.672	0.736
39	2.400	0.048	0.722	0.780
33	1.759	0.061	0.733	0.868
56	1.519	0.089	0.757	0.812
59	1.458	0.063	0.808	0.868
72	2.728	0.073	0.713	0.758
20	2.100	0.034	0.645	0.690
51	2.781	0.057	0.680	0.718
45	1.695	0.058	0.714	0.849
58	2.044	0.070	0.716	0.744
32	4.474	0.046	0.593	0.653
58	3.131	0.075	0.389	0.537
54	1.576	0.071	0.651	0.831
43	2.348	0.051	0.811	0.796
62	1.766	0.070	0.633	0.747
46	0.956	0.059	0.868	0.885
27	2.492	0.038	0.659	0.818
41	1.869	0.060	0.672	0.774
35	2.354	0.043	0.648	0.714
20	2.849	0.020	0.408	0.526
49	1.487	0.053	0.766	0.891
74	1.029	0.088	0.841	0.860
68	1.558	0.087	0.791	0.810
88	1.406	0.082	0.765	0.800
52	2.672	0.050	0.473	0.667
43	3.069	0.040	0.387	0.566
38	3.372	0.038	0.404	0.543
72	1.736	0.100	0.686	0.706
38	3.747	0.068	0.543	0.717
35	1.572	0.064	0.729	0.778
86	2.376	0.119	0.775	0.827
41	2.762	0.062	0.562	0.695
51	1.100	0.066	0.797	0.927
22	4.576	0.023	0.275	0.415
58	1.471	0.059	0.817	0.892
22	2.994	0.035	0.512	0.595
41	3.544	0.055	0.745	0.759
13	4.645	0.017	0.210	0.245
40	2.674	0.051	0.374	0.541
63	2.615	0.073	0.677	0.797
54	2.194	0.054	0.581	0.711
39	2.413	0.040	0.520	0.696
37	1.570	0.041	0.698	0.755
43	2.791	0.045	0.632	0.705
66	1.601	0.067	0.733	0.835
33	2.877	0.037	0.423	0.717
31	4.895	0.034	0.244	0.352
86	1.137	0.096	0.896	0.860
117	1.734	0.110	0.701	0.760
83	1.875	0.086	0.769	0.783
52	1.712	0.065	0.612	0.712
72	2.713	0.071	0.507	0.661
106	1.843	0.104	0.675	0.779
80	2.190	0.079	0.611	0.741
80	2.008	0.079	0.630	0.696
61	2.318	0.076	0.496	0.685
73	1.269	0.071	0.695	0.912
79	1.984	0.079	0.590	0.775
73	2.441	0.075	0.584	0.730
82	1.344	0.078	0.752	0.837
76	1.535	0.073	0.691	0.738
112	1.740	0.114	0.727	0.818
75	1.700	0.070	0.688	0.798
79	1.238	0.071	0.782	0.898
121	1.420	0.107	0.747	0.796
98	2.634	0.090	0.521	0.620
127	1.125	0.124	0.809	0.836
34	2.416	0.031	0.654	0.630
75	2.080	0.086	0.630	0.708
75	1.651	0.072	0.652	0.721
144	1.833	0.128	0.735	0.735
69	1.315	0.084	0.750	0.831
77	1.735	0.082	0.658	0.794
61	2.464	0.061	0.477	0.565
78	1.472	0.084	0.736	0.796
79	2.495	0.078	0.594	0.675
62	1.869	0.067	0.660	0.805
113	1.523	0.113	0.689	0.831
178	1.673	0.172	0.721	0.809
194	1.674	0.187	0.752	0.826
180	0.834	0.155	0.826	0.853
102	1.031	0.096	0.829	0.879
149	1.662	0.131	0.716	0.768
98	1.669	0.094	0.671	0.797
112	1.575	0.108	0.675	0.737
3	10.528	0.003	0.214	0.500
179	1.667	0.182	0.762	0.775
207	1.206	0.195	0.825	0.863
96	2.424	0.087	0.571	0.733
37	1.165	0.037	0.804	0.787
127	1.439	0.118	0.713	0.770
93	2.719	0.084	0.544	0.578
193	1.040	0.176	0.814	0.835
59	3.464	0.054	0.326	0.424
171	1.642	0.156	0.707	0.826
64	2.696	0.070	0.582	0.634
137	1.315	0.128	0.765	0.846
108	3.008	0.102	0.365	0.565
263	1.155	0.213	0.771	0.819
195	1.013	0.181	0.809	0.894
166	1.518	0.144	0.722	0.851
255	1.556	0.200	0.706	0.785
184	1.838	0.151	0.655	0.770
162	1.303	0.155	0.736	0.822
196	1.293	0.180	0.726	0.820
45	2.756	0.053	0.446	0.517
126	2.191	0.134	0.663	0.737
39	2.908	0.044	0.494	0.500
110	0.561	0.126	0.902	0.887
128	2.112	0.130	0.618	0.766
184	1.226	0.164	0.767	0.829
246	1.653	0.203	0.717	0.764
274	0.604	0.212	0.901	0.929
236	0.852	0.194	0.855	0.881
247	1.399	0.235	0.731	0.840
68	3.311	0.076	0.613	0.660
122	1.591	0.114	0.718	0.697
73	2.427	0.077	0.635	0.716
134	1.018	0.139	0.832	0.865
281	1.857	0.219	0.663	0.787
331	0.827	0.270	0.864	0.892
239	1.741	0.189	0.679	0.742
306	1.313	0.261	0.756	0.850
85	1.929	0.088	0.582	0.697
101	2.087	0.092	0.616	0.783
261	0.678	0.238	0.900	0.932
400	1.690	0.297	0.697	0.823
286	0.649	0.238	0.917	0.923
180	2.195	0.168	0.629	0.729
68	3.335	0.069	0.382	0.548
132	1.723	0.152	0.657	0.754
115	2.052	0.118	0.564	0.788
118	1.469	0.119	0.781	0.894
49	3.404	0.048	0.268	0.476
84	2.382	0.093	0.646	0.743
24	3.207	0.025	0.462	0.522
53	2.452	0.060	0.421	0.616
60	3.510	0.057	0.408	0.600
64	2.257	0.074	0.492	0.711
54	2.729	0.051	0.486	0.600
79	2.849	0.090	0.427	0.627
125	2.769	0.140	0.625	0.749
75	2.928	0.074	0.424	0.647
69	1.966	0.078	0.566	0.595
72	2.384	0.066	0.522	0.713
44	3.068	0.047	0.423	0.564
290	1.506	0.258	0.757	0.868
262	1.986	0.280	0.787	0.876
106	2.205	0.104	0.555	0.707
52	2.956	0.057	0.391	0.605
83	1.599	0.096	0.709	0.874
85	2.621	0.087	0.541	0.739
82	3.008	0.086	0.380	0.603
49	2.937	0.053	0.471	0.598
71	1.467	0.088	0.696	0.798
61	2.813	0.060	0.445	0.550
85	2.191	0.093	0.535	0.720
75	3.244	0.094	0.507	0.694
66	3.649	0.056	0.265	0.452
108	2.054	0.101	0.659	0.777
110	2.364	0.108	0.531	0.724
53	3.534	0.060	0.308	0.491
148	1.952	0.148	0.641	0.747
108	1.558	0.118	0.679	0.735
72	3.017	0.082	0.471	0.649
127	1.874	0.124	0.679	0.779
143	2.427	0.126	0.520	0.614
72	1.836	0.073	0.679	0.758
177	2.794	0.171	0.619	0.741
151	1.381	0.151	0.702	0.795
301	1.028	0.426	0.820	0.918
119	2.101	0.126	0.643	0.744
62	3.082	0.063	0.403	0.667
61	3.216	0.053	0.508	0.685
56	2.596	0.053	0.467	0.505
31	3.801	0.031	0.215	0.313
57	2.329	0.082	0.559	0.838
106	3.327	0.100	0.406	0.579
78	2.910	0.073	0.382	0.545
91	1.666	0.101	0.655	0.867
163	2.094	0.144	0.615	0.791
55	2.703	0.056	0.417	0.514
85	3.031	0.085	0.356	0.586
75	3.854	0.083	0.503	0.676
68	2.872	0.065	0.391	0.591
65	2.514	0.060	0.461	0.637
119	2.876	0.123	0.527	0.696
48	3.119	0.047	0.378	0.640
105	2.530	0.104	0.517	0.614
95	3.004	0.089	0.500	0.651
151	4.989	0.129	0.492	0.659
126	1.940	0.118	0.541	0.720
79	2.254	0.085	0.745	0.798
34	3.206	0.035	0.354	0.548
71	3.910	0.069	0.413	0.602
39	3.428	0.036	0.312	0.419
118	2.796	0.107	0.447	0.648
24	3.386	0.030	0.308	0.471
73	3.486	0.078	0.351	0.525
158	3.236	0.139	0.362	0.664
102	3.167	0.096	0.416	0.604
101	2.349	0.093	0.577	0.743
189	1.567	0.157	0.756	0.815
102	1.957	0.094	0.567	0.745
61	2.657	0.072	0.565	0.635
123	2.054	0.114	0.624	0.778
40	3.429	0.045	0.354	0.571
45	3.849	0.042	0.300	0.446
155	2.453	0.127	0.533	0.686
173	1.633	0.156	0.687	0.812
157	2.087	0.169	0.573	0.797
161	1.815	0.155	0.657	0.763
397	1.238	0.306	0.804	0.882
197	1.612	0.165	0.679	0.761
70	2.124	0.079	0.560	0.700
181	1.952	0.164	0.686	0.826
70	3.154	0.069	0.333	0.452
207	0.733	0.214	0.866	0.924
89	1.427	0.101	0.712	0.767
31	4.149	0.032	0.330	0.392
340	1.322	0.286	0.800	0.848
87	1.962	0.085	0.635	0.791
185	2.163	0.171	0.627	0.755
102	2.778	0.098	0.453	0.626
52	2.615	0.061	0.500	0.612
112	2.895	0.188	0.554	0.806
120	2.529	0.142	0.585	0.732
125	1.545	0.131	0.714	0.817
62	2.648	0.072	0.517	0.530
264	2.303	0.374	0.841	0.923
30	3.347	0.031	0.303	0.400
118	2.566	0.114	0.494	0.602
62	2.215	0.063	0.569	0.729
136	1.916	0.122	0.735	0.861
62	3.398	0.056	0.376	0.525
82	1.901	0.091	0.599	0.701
108	1.657	0.106	0.688	0.794
125	1.690	0.115	0.706	0.828
61	3.723	0.055	0.277	0.466
98	1.722	0.090	0.598	0.778
36	3.659	0.042	0.290	0.554
164	1.083	0.153	0.800	0.841
68	2.332	0.064	0.548	0.708
74	2.459	0.072	0.525	0.725
72	2.073	0.074	0.571	0.679
53	2.134	0.069	0.505	0.631
114	2.680	0.098	0.473	0.637
69	2.443	0.065	0.418	0.590
84	2.830	0.083	0.444	0.656
166	1.248	0.157	0.738	0.843
125	2.374	0.116	0.506	0.672
196	1.199	0.176	0.778	0.841
181	1.519	0.153	0.724	0.794
119	1.865	0.110	0.661	0.692
55	2.575	0.051	0.423	0.663
62	1.813	0.071	0.596	0.689
90	2.314	0.087	0.549	0.732
58	3.416	0.055	0.328	0.532
144	1.646	0.149	0.699	0.754
63	2.986	0.059	0.412	0.525
75	2.627	0.068	0.664	0.758
57	2.947	0.056	0.442	0.576
85	1.759	0.090	0.726	0.850
128	1.418	0.127	0.749	0.914
70	2.222	0.069	0.560	0.680
202	2.182	0.194	0.622	0.774
171	1.341	0.154	0.774	0.818
108	3.196	0.098	0.369	0.537
84	2.982	0.088	0.494	0.667
197	2.496	0.271	0.722	0.845
96	2.333	0.099	0.589	0.701
77	3.820	0.071	0.527	0.606
117	2.881	0.104	0.511	0.713
93	1.667	0.092	0.756	0.809
155	1.763	0.152	0.701	0.779
54	3.843	0.054	0.353	0.540
50	2.453	0.066	0.521	0.633
120	2.758	0.148	0.433	0.656
244	1.511	0.260	0.762	0.875
384	1.497	0.340	0.787	0.848
112	1.396	0.110	0.824	0.903
66	1.447	0.065	0.688	0.733
199	2.229	0.192	0.698	0.777
108	1.703	0.119	0.688	0.788
80	1.257	0.080	0.851	0.870
57	2.436	0.060	0.509	0.559
81	2.235	0.082	0.555	0.675
81	2.116	0.103	0.723	0.844
53	2.962	0.056	0.535	0.624
208	1.362	0.199	0.846	0.878
114	1.748	0.123	0.659	0.745
123	2.017	0.122	0.715	0.820
50	3.313	0.048	0.347	0.450
71	1.981	0.076	0.670	0.789
101	2.574	0.089	0.532	0.748
81	2.284	0.088	0.570	0.686
117	0.323	0.138	0.936	0.975
72	2.750	0.069	0.450	0.581
135	1.308	0.146	0.746	0.789
95	1.586	0.095	0.688	0.805
75	2.314	0.080	0.714	0.708
124	2.144	0.137	0.566	0.709
150	1.439	0.165	0.739	0.820
41	2.425	0.050	0.488	0.612
274	1.495	0.312	0.745	0.840
172	1.839	0.167	0.789	0.847
45	2.563	0.051	0.570	0.662
66	2.559	0.070	0.500	0.617
113	1.525	0.112	0.693	0.883
271	1.918	0.290	0.644	0.811
278	2.173	0.291	0.614	0.858
85	3.381	0.079	0.333	0.512
193	1.468	0.180	0.778	0.818
112	1.524	0.103	0.778	0.855
138	1.427	0.124	0.754	0.798
324	1.512	0.315	0.717	0.822
360	1.184	0.398	0.768	0.878
85	2.059	0.092	0.634	0.766
140	1.429	0.138	0.700	0.757
88	1.309	0.084	0.779	0.846
94	2.308	0.109	0.701	0.797
56	2.312	0.058	0.577	0.691
87	1.481	0.100	0.680	0.821
69	1.823	0.071	0.585	0.676
77	1.122	0.075	0.856	0.875
78	1.729	0.087	0.678	0.772
41	3.732	0.039	0.315	0.353
122	1.038	0.123	0.824	0.836
132	1.457	0.121	0.702	0.800
95	1.657	0.099	0.674	0.826
129	1.964	0.143	0.611	0.811
147	0.360	0.149	0.907	0.974
62	2.796	0.058	0.341	0.481
367	1.214	0.320	0.817	0.864
281	1.256	0.262	0.810	0.870
58	1.457	0.088	0.753	0.829
127	1.388	0.137	0.864	0.920
141	1.551	0.141	0.820	0.934
123	1.119	0.143	0.769	0.848
178	1.881	0.188	0.687	0.809
86	0.451	0.115	0.966	0.945
110	2.512	0.102	0.470	0.655
112	3.052	0.104	0.396	0.566
80	2.527	0.083	0.482	0.667
72	2.770	0.065	0.590	0.632
118	2.250	0.110	0.615	0.747
110	1.365	0.105	0.873	0.833
109	1.989	0.109	0.623	0.768
98	1.356	0.100	0.810	0.852
126	2.993	0.115	0.365	0.597
206	3.066	0.236	0.587	0.824
116	2.020	0.111	0.560	0.703
86	2.152	0.089	0.632	0.851
166	2.952	0.166	0.456	0.703
151	1.915	0.139	0.643	0.834
227	2.987	0.249	0.672	0.853
301	1.891	0.238	0.678	0.774
112	2.213	0.114	0.671	0.772
90	3.841	0.096	0.337	0.756
130	2.392	0.107	0.516	0.637
141	2.362	0.122	0.551	0.723
105	2.605	0.088	0.451	0.660
68	2.130	0.060	0.660	0.756
114	2.675	0.109	0.518	0.667
126	2.798	0.120	0.592	0.778
64	2.448	0.063	0.525	0.646
78	2.835	0.078	0.398	0.569
102	2.661	0.093	0.526	0.650
42	3.385	0.051	0.488	0.568
59	2.697	0.058	0.557	0.686
106	3.127	0.092	0.361	0.555
83	2.308	0.087	0.589	0.669
52	3.264	0.057	0.338	0.553
139	2.445	0.122	0.607	0.728
116	2.665	0.101	0.450	0.641
186	1.519	0.175	0.788	0.890
113	2.280	0.123	0.631	0.711
48	3.220	0.050	0.444	0.593
66	4.526	0.077	0.407	0.617
89	2.919	0.086	0.420	0.636
54	2.688	0.062	0.454	0.568
51	2.583	0.048	0.486	0.548
88	3.187	0.084	0.374	0.571
109	1.437	0.104	0.779	0.832
50	3.395	0.044	0.294	0.476
91	2.788	0.097	0.636	0.740
74	1.476	0.086	0.712	0.831
99	1.195	0.112	0.832	0.900
68	3.121	0.081	0.360	0.591
45	3.229	0.049	0.366	0.542
110	1.636	0.113	0.728	0.827
110	2.228	0.115	0.539	0.671
98	1.203	0.095	0.778	0.891
123	2.459	0.118	0.528	0.732
75	3.019	0.069	0.389	0.517
51	3.461	0.062	0.411	0.607
62	2.735	0.058	0.539	0.697
102	1.134	0.125	0.734	0.911
145	1.705	0.152	0.620	0.788
78	2.219	0.085	0.600	0.645
113	2.777	0.109	0.454	0.646
83	3.155	0.089	0.697	0.769
70	2.690	0.070	0.470	0.700
76	2.410	0.080	0.500	0.704
102	2.371	0.105	0.515	0.713
185	2.172	0.153	0.599	0.717
109	1.136	0.098	0.845	0.916
202	1.748	0.184	0.704	0.789
92	2.746	0.084	0.492	0.742
78	4.830	0.080	0.487	0.639
88	3.724	0.099	0.442	0.624
72	2.682	0.070	0.421	0.581
71	1.719	0.067	0.755	0.845
72	2.333	0.078	0.537	0.673
121	2.207	0.132	0.672	0.812
63	2.980	0.073	0.404	0.716
154	3.628	0.146	0.483	0.694
96	1.785	0.115	0.640	0.756
77	2.467	0.082	0.616	0.681
64	1.735	0.075	0.634	0.762
93	2.017	0.099	0.592	0.788
94	1.790	0.102	0.764	0.810
58	2.467	0.067	0.523	0.667
93	1.244	0.097	0.782	0.853
48	3.061	0.053	0.417	0.640
92	1.171	0.101	0.844	0.868
80	1.705	0.092	0.678	0.889
45	3.415	0.053	0.402	0.549
73	3.224	0.071	0.324	0.503
0	325.557	0.000	0.000	NaN
105	1.865	0.098	0.808	0.814
80	0.458	0.092	0.988	0.952
69	2.463	0.071	0.595	0.734
58	1.916	0.056	0.630	0.734
71	1.388	0.074	0.789	0.899
81	1.059	0.077	0.794	0.844
107	2.919	0.094	0.463	0.578
80	1.808	0.081	0.661	0.748
75	2.281	0.072	0.625	0.708
82	2.212	0.077	0.550	0.641
140	1.534	0.135	0.795	0.864
8	4.482	0.009	0.071	0.140
79	2.010	0.084	0.760	0.832
87	2.319	0.092	0.500	0.725
101	1.999	0.104	0.631	0.789
89	1.396	0.087	0.774	0.848
129	2.430	0.114	0.551	0.725
94	2.716	0.091	0.470	0.635
83	1.745	0.082	0.664	0.814
44	3.073	0.043	0.373	0.587
123	1.771	0.104	0.691	0.783
65	1.980	0.066	0.650	0.730
99	2.101	0.094	0.600	0.702
71	1.742	0.109	0.826	0.855
128	1.495	0.158	0.762	0.815
51	3.210	0.045	0.481	0.526
81	2.702	0.081	0.443	0.509
199	1.302	0.175	0.762	0.869
151	0.814	0.144	0.878	0.839
87	2.204	0.100	0.608	0.731
46	3.181	0.044	0.511	0.613
51	1.924	0.065	0.567	0.607
84	2.342	0.089	0.651	0.750
64	2.311	0.063	0.615	0.771
114	1.561	0.110	0.750	0.832
35	1.897	0.041	0.660	0.778
118	2.015	0.116	0.715	0.781
69	2.383	0.074	0.543	0.627
69	3.793	0.063	0.519	0.616
107	0.451	0.096	0.907	0.892
77	1.986	0.080	0.681	0.748
61	2.674	0.059	0.409	0.513
113	0.660	0.114	0.876	0.897
126	1.776	0.121	0.773	0.829
84	1.023	0.078	0.778	0.923
112	1.425	0.111	0.696	0.757
49	3.447	0.049	0.628	0.605
91	1.563	0.089	0.728	0.791
98	1.075	0.094	0.690	0.845
50	2.861	0.048	0.500	0.568
76	1.469	0.077	0.784	0.874
64	1.219	0.061	0.800	0.853
73	1.961	0.075	0.658	0.716
93	1.071	0.089	0.809	0.869
53	3.484	0.046	0.340	0.390
48	2.934	0.047	0.375	0.480
71	1.830	0.073	0.683	0.763
51	2.897	0.047	0.500	0.689
163	1.719	0.146	0.795	0.807
53	2.492	0.050	0.530	0.624
166	1.422	0.143	0.790	0.874
67	1.200	0.063	0.761	0.848
90	1.736	0.079	0.638	0.796
141	1.294	0.123	0.834	0.839
57	2.826	0.051	0.399	0.463
90	0.890	0.085	0.857	0.918
83	1.237	0.089	0.692	0.761
126	1.168	0.116	0.759	0.818
91	2.433	0.078	0.535	0.619
79	2.366	0.075	0.552	0.681
141	0.527	0.125	0.928	0.928
155	1.002	0.131	0.824	0.891
67	0.679	0.061	0.957	0.882
106	1.545	0.095	0.741	0.841
38	1.754	0.037	0.760	0.864
109	0.584	0.108	0.901	0.973
147	0.905	0.129	0.870	0.907
85	1.897	0.079	0.654	0.802
120	2.010	0.103	0.580	0.628
152	0.805	0.134	0.854	0.905
124	1.067	0.104	0.810	0.844
113	1.985	0.103	0.642	0.702
75	1.950	0.068	0.586	0.676
129	1.466	0.113	0.729	0.806
135	0.664	0.125	0.964	0.918
58	1.934	0.052	0.659	0.725
82	1.076	0.091	0.788	0.804
89	2.012	0.094	0.622	0.636
116	1.557	0.118	0.806	0.913
67	1.998	0.075	0.657	0.753
41	3.152	0.037	0.427	0.506
131	0.883	0.112	0.856	0.891
94	1.655	0.085	0.584	0.790
30	3.915	0.035	0.330	0.380
97	1.085	0.122	0.836	0.882
67	1.281	0.077	0.779	0.848
57	2.339	0.055	0.582	0.713
100	0.794	0.108	0.926	0.971
66	2.452	0.064	0.468	0.611
67	2.199	0.060	0.720	0.705
91	1.830	0.086	0.674	0.705
79	1.735	0.070	0.790	0.888
74	0.826	0.092	0.851	0.902
134	2.247	0.126	0.709	0.775
85	2.132	0.081	0.531	0.733
107	2.051	0.099	0.637	0.764
81	2.233	0.078	0.547	0.628
117	2.172	0.129	0.780	0.824
84	1.759	0.076	0.689	0.750
102	1.020	0.096	0.903	0.895
103	1.107	0.102	0.798	0.851
71	2.548	0.076	0.555	0.676
87	3.754	0.082	0.416	0.644
103	4.012	0.093	0.609	0.682
111	0.813	0.122	0.867	0.854
86	1.543	0.084	0.699	0.723
162	1.910	0.145	0.723	0.771
125	2.011	0.139	0.658	0.740
66	1.582	0.065	0.710	0.725
44	3.167	0.042	0.370	0.494
81	2.093	0.074	0.591	0.757
109	0.982	0.107	0.845	0.845
64	1.440	0.081	0.696	0.790
62	2.085	0.068	0.689	0.713
62	2.769	0.064	0.544	0.602
68	2.721	0.067	0.456	0.667
93	1.870	0.098	0.646	0.809
171	1.081	0.156	0.818	0.872
79	1.369	0.082	0.725	0.790
120	1.446	0.117	0.784	0.833
64	1.893	0.070	0.593	0.621
59	2.539	0.064	0.434	0.615
90	1.109	0.087	0.857	0.841
71	2.299	0.070	0.592	0.703
101	2.439	0.107	0.687	0.737
107	1.498	0.113	0.738	0.849
84	1.790	0.094	0.683	0.730
56	1.630	0.061	0.667	0.727
107	1.592	0.108	0.709	0.770
94	1.844	0.105	0.696	0.758
56	3.182	0.055	0.452	0.514
56	1.866	0.056	0.589	0.675
133	1.480	0.141	0.689	0.831
92	1.365	0.094	0.681	0.800
89	2.148	0.086	0.659	0.614
95	1.047	0.099	0.872	0.905
90	1.739	0.170	0.677	0.738
20	5.122	0.022	0.392	0.417
104	1.951	0.105	0.667	0.770
86	1.501	0.134	0.761	0.878
53	1.287	0.069	0.716	0.828
68	2.940	0.067	0.417	0.586
75	1.161	0.065	0.824	0.806
116	1.501	0.108	0.734	0.784
81	0.749	0.079	0.810	0.920
66	1.835	0.061	0.629	0.673
78	2.599	0.072	0.527	0.678
134	0.749	0.125	0.876	0.905
73	1.176	0.073	0.811	0.830
148	1.803	0.153	0.643	0.804
48	2.039	0.043	0.623	0.676
34	2.991	0.032	0.442	0.453
79	1.441	0.071	0.725	0.782
101	1.469	0.087	0.743	0.795
75	2.168	0.071	0.625	0.743
125	1.516	0.139	0.740	0.828
117	2.978	0.118	0.731	0.813
31	2.826	0.029	0.403	0.517
104	1.598	0.106	0.800	0.759
74	1.436	0.116	0.747	0.892
189	1.001	0.176	0.863	0.926
139	1.398	0.157	0.822	0.897
85	1.984	0.093	0.607	0.733
74	2.409	0.067	0.574	0.622
78	1.962	0.075	0.667	0.736
76	1.139	0.084	0.809	0.916
127	1.329	0.125	0.738	0.765
123	1.127	0.136	0.837	0.911
60	2.996	0.059	0.435	0.652
198	1.916	0.200	0.853	0.892
52	1.742	0.056	0.627	0.732
122	1.800	0.118	0.701	0.674
66	1.050	0.072	0.776	0.805
65	3.259	0.065	0.414	0.508
94	2.424	0.091	0.752	0.777
53	2.757	0.052	0.535	0.662
113	1.376	0.120	0.743	0.779
105	1.113	0.122	0.814	0.840
140	2.139	0.140	0.583	0.745
64	2.111	0.058	0.646	0.696
83	2.998	0.085	0.388	0.553
164	0.823	0.150	0.820	0.845
87	1.031	0.089	0.879	0.829
95	1.359	0.102	0.742	0.779
111	5.098	0.109	0.555	0.597
128	1.085	0.128	0.837	0.865
85	2.200	0.097	0.594	0.746
86	2.765	0.077	0.491	0.593
85	1.442	0.087	0.708	0.787
97	2.412	0.096	0.557	0.693
75	2.091	0.070	0.625	0.694
112	1.604	0.098	0.683	0.824
98	2.318	0.090	0.519	0.705
63	1.752	0.058	0.685	0.808
53	3.349	0.051	0.363	0.520
85	2.278	0.086	0.599	0.708
23	4.645	0.021	0.143	0.217
38	3.661	0.045	0.392	0.521
75	2.932	0.063	0.405	0.577
81	3.621	0.074	0.323	0.513
89	3.471	0.087	0.359	0.556
111	2.878	0.093	0.405	0.521
160	1.851	0.157	0.658	0.812
70	2.208	0.069	0.483	0.680
88	2.634	0.093	0.543	0.662
128	1.272	0.127	0.723	0.853
92	1.550	0.096	0.708	0.786
133	1.898	0.121	0.599	0.719
92	2.498	0.080	0.503	0.594
57	2.655	0.055	0.559	0.750
40	3.059	0.048	0.374	0.541
55	2.361	0.059	0.451	0.561
114	1.744	0.133	0.760	0.809
121	1.268	0.145	0.771	0.871
95	1.430	0.102	0.779	0.856
37	2.901	0.036	0.333	0.597
56	3.553	0.052	0.283	0.491
64	2.493	0.061	0.430	0.571
76	2.369	0.093	0.667	0.792
92	2.110	0.115	0.730	0.836
64	2.166	0.062	0.538	0.660
153	1.502	0.142	0.715	0.797
81	1.476	0.081	0.750	0.810
125	2.110	0.116	0.579	0.731
117	1.263	0.113	0.755	0.836
146	1.750	0.144	0.664	0.753
117	2.960	0.118	0.585	0.684
123	1.474	0.124	0.711	0.769
55	2.179	0.052	0.618	0.647
61	2.253	0.060	0.513	0.701
59	1.922	0.062	0.573	0.602
65	1.638	0.061	0.783	0.878
84	1.268	0.092	0.792	0.875
54	2.899	0.058	0.443	0.535
121	1.019	0.127	0.796	0.829
101	1.962	0.118	0.635	0.765
134	1.316	0.135	0.798	0.817
126	1.247	0.133	0.759	0.851
87	1.739	0.087	0.690	0.763
74	2.538	0.084	0.481	0.725
92	2.433	0.090	0.508	0.692
88	2.017	0.085	0.579	0.752
139	1.811	0.143	0.647	0.760
179	1.841	0.174	0.653	0.778
69	2.231	0.077	0.590	0.670
0	322.578	0.000	0.000	NaN
270	1.010	0.232	0.836	0.871
155	1.294	0.155	0.783	0.829
67	2.763	0.069	0.500	0.626
149	1.505	0.155	0.741	0.768
139	1.703	0.176	0.728	0.808
122	3.038	0.139	0.613	0.762
87	1.636	0.108	0.731	0.853
29	3.375	0.035	0.326	0.547
59	1.860	0.068	0.536	0.608
61	3.250	0.068	0.492	0.560
141	1.631	0.148	0.681	0.758
106	2.156	0.098	0.525	0.716
43	3.157	0.051	0.494	0.566
57	2.940	0.061	0.504	0.663
95	1.837	0.088	0.754	0.792
67	2.856	0.075	0.496	0.677
67	1.827	0.078	0.615	0.788
96	3.399	0.105	0.374	0.676
56	3.115	0.063	0.544	0.589
133	1.035	0.130	0.751	0.831
81	1.161	0.096	0.810	0.900
56	2.951	0.062	0.554	0.602
123	1.758	0.108	0.778	0.826
93	1.457	0.106	0.769	0.795
142	1.662	0.124	0.826	0.882
53	1.892	0.059	0.697	0.768
86	1.938	0.090	0.723	0.748
56	2.974	0.057	0.523	0.589
73	3.448	0.078	0.575	0.689
66	1.570	0.069	0.717	0.767
102	2.117	0.095	0.557	0.680
52	2.640	0.053	0.486	0.591
77	1.462	0.088	0.786	0.802
114	0.727	0.139	0.884	0.942
75	2.338	0.086	0.556	0.735
101	2.306	0.112	0.571	0.711
114	0.598	0.141	0.934	0.919
75	2.150	0.072	0.701	0.688
92	1.941	0.105	0.634	0.754
57	1.245	0.119	0.731	0.877
37	2.922	0.053	0.440	0.544
97	0.734	0.106	0.843	0.890
70	1.805	0.088	0.722	0.787
78	1.852	0.095	0.614	0.750
61	1.357	0.067	0.772	0.836
50	2.004	0.061	0.575	0.658
165	2.423	0.154	0.506	0.673
73	2.006	0.086	0.500	0.702
71	2.651	0.085	0.568	0.664
93	2.670	0.113	0.534	0.624
101	1.983	0.115	0.635	0.706
48	2.449	0.068	0.615	0.738
135	1.726	0.126	0.714	0.823
130	1.987	0.129	0.622	0.730
107	1.713	0.120	0.759	0.823
60	2.933	0.072	0.444	0.556
54	2.661	0.065	0.519	0.628
76	1.267	0.082	0.826	0.826
153	2.291	0.150	0.573	0.729
48	3.506	0.059	0.284	0.414
74	2.905	0.077	0.446	0.612
59	4.014	0.060	0.266	0.522
33	2.668	0.032	0.471	0.478
53	2.409	0.050	0.477	0.576
104	1.440	0.102	0.776	0.874
43	3.536	0.040	0.307	0.374
43	2.936	0.052	0.531	0.566
86	1.116	0.091	0.748	0.860
99	1.453	0.091	0.773	0.853
91	1.253	0.102	0.758	0.843
97	1.159	0.102	0.795	0.822
67	2.384	0.068	0.650	0.684
91	1.540	0.095	0.717	0.746
64	1.451	0.073	0.790	0.853
56	1.525	0.064	0.644	0.737
81	1.948	0.094	0.648	0.786
56	3.183	0.063	0.544	0.609
43	2.430	0.044	0.506	0.551
86	1.592	0.103	0.735	0.796
127	1.398	0.129	0.804	0.888
35	3.719	0.036	0.224	0.282
83	2.320	0.100	0.664	0.716
57	1.595	0.061	0.687	0.731
77	2.243	0.077	0.681	0.700
60	2.156	0.057	0.638	0.732
55	3.109	0.060	0.407	0.491
52	4.084	0.056	0.481	0.584
50	5.038	0.052	0.446	0.490
68	2.454	0.072	0.519	0.701
81	1.553	0.087	0.786	0.844
103	2.039	0.099	0.582	0.687
104	0.406	0.108	0.904	0.937
71	2.699	0.076	0.507	0.602
345	1.102	0.404	0.812	0.906
79	1.903	0.074	0.693	0.731
38	2.513	0.038	0.396	0.514
65	1.491	0.075	0.663	0.714
92	0.640	0.096	0.920	0.948
124	1.506	0.114	0.729	0.747
109	1.798	0.112	0.694	0.807
77	1.591	0.083	0.658	0.706
60	2.765	0.056	0.370	0.496
42	3.129	0.043	0.408	0.519
111	2.518	0.101	0.607	0.698
80	1.787	0.078	0.635	0.708
165	1.979	0.152	0.671	0.767
107	2.078	0.106	0.591	0.673
73	1.753	0.089	0.613	0.849
81	1.571	0.087	0.736	0.931
111	2.433	0.129	0.810	0.804
139	2.836	0.150	0.496	0.785
34	4.250	0.032	0.204	0.370
67	2.035	0.078	0.511	0.691
86	2.366	0.102	0.647	0.761
92	2.551	0.090	0.597	0.719
116	2.539	0.111	0.475	0.739
96	1.628	0.085	0.691	0.814
132	2.552	0.117	0.484	0.660
69	1.095	0.070	0.802	0.908
100	1.556	0.096	0.758	0.806
100	2.720	0.095	0.446	0.676
285	2.369	0.234	0.553	0.736
119	3.020	0.105	0.338	0.604
107	2.850	0.102	0.372	0.677
148	2.266	0.137	0.540	0.664
76	2.583	0.077	0.490	0.704
54	2.002	0.070	0.643	0.794
83	1.724	0.082	0.539	0.659
0	361.072	0.000	0.000	NaN
126	1.900	0.119	0.621	0.712
56	2.909	0.052	0.386	0.509
148	2.698	0.131	0.453	0.638
201	2.237	0.171	0.558	0.736
160	0.927	0.172	0.842	0.842
92	1.678	0.107	0.605	0.748
122	1.839	0.132	0.667	0.767
145	1.457	0.129	0.725	0.868
34	2.484	0.033	0.442	0.642
160	2.306	0.139	0.608	0.684
115	2.899	0.100	0.401	0.584
135	2.173	0.122	0.579	0.685
218	1.547	0.198	0.752	0.801
180	2.179	0.172	0.579	0.729
144	2.338	0.140	0.535	0.735
112	1.811	0.113	0.667	0.778
72	3.392	0.074	0.537	0.605
243	1.054	0.211	0.807	0.844
80	2.145	0.083	0.533	0.606
116	2.060	0.129	0.644	0.748
92	3.055	0.095	0.489	0.613
72	2.928	0.082	0.585	0.585
157	1.450	0.146	0.758	0.849
215	1.388	0.208	0.744	0.850
56	2.165	0.052	0.691	0.718
81	2.090	0.082	0.547	0.692
106	1.149	0.106	0.835	0.869
84	1.058	0.092	0.824	0.866
68	1.895	0.068	0.642	0.716
19	4.364	0.022	0.241	0.328
66	2.260	0.074	0.653	0.688
90	2.196	0.101	0.556	0.682
58	3.232	0.061	0.460	0.637
87	2.447	0.078	0.654	0.702
166	2.353	0.137	0.508	0.624
378	1.542	0.278	0.750	0.804
103	2.015	0.087	0.652	0.673
194	1.674	0.163	0.735	0.822
205	1.536	0.166	0.686	0.858
348	1.810	0.273	0.690	0.839
93	1.804	0.144	0.699	0.802
117	1.465	0.102	0.709	0.818
127	1.739	0.107	0.658	0.774
148	2.709	0.125	0.509	0.692
83	2.417	0.090	0.589	0.735
197	2.495	0.161	0.540	0.741
189	2.806	0.153	0.452	0.628
159	2.094	0.136	0.682	0.859
103	3.914	0.078	0.204	0.468
72	2.203	0.067	0.637	0.809
75	4.353	0.059	0.145	0.452
57	3.854	0.069	0.713	0.731
96	2.825	0.084	0.453	0.722
86	2.970	0.072	0.351	0.667
141	3.093	0.116	0.386	0.801
41	3.005	0.036	0.369	0.461
56	3.380	0.049	0.397	0.577
48	3.983	0.042	0.246	0.480
73	4.125	0.056	0.185	0.376
130	2.748	0.121	0.432	0.594
191	2.315	0.163	0.579	0.705
229	2.114	0.201	0.601	0.787
287	1.752	0.267	0.712	0.870
161	2.088	0.173	0.555	0.756
169	2.516	0.137	0.509	0.606
63	3.145	0.066	0.447	0.618
86	2.419	0.093	0.537	0.652
96	3.436	0.099	0.300	0.632
36	4.287	0.062	0.313	0.621
97	2.415	0.096	0.503	0.735
60	4.140	0.061	0.323	0.484
82	2.007	0.091	0.695	0.774
84	4.505	0.103	0.718	0.750
64	3.682	0.064	0.257	0.500
124	3.206	0.112	0.322	0.614
213	2.929	0.175	0.422	0.769
52	3.427	0.057	0.294	0.605
161	1.745	0.169	0.594	0.759
0	202.692	0.000	0.000	NaN
92	3.211	0.087	0.350	0.551
176	2.968	0.159	0.443	0.715
47	3.453	0.053	0.254	0.495
143	0.793	0.153	0.894	0.929
91	3.385	0.081	0.300	0.619
95	1.716	0.089	0.664	0.826
99	1.904	0.108	0.643	0.692
85	1.279	0.085	0.787	0.895
140	1.985	0.145	0.617	0.729
127	1.261	0.116	0.809	0.876
229	3.582	0.215	0.386	0.751
170	1.598	0.187	0.717	0.806
73	1.426	0.068	0.753	0.785
109	2.498	0.117	0.527	0.641
68	1.385	0.070	0.782	0.800
70	4.280	0.068	0.443	0.603
117	3.497	0.108	0.629	0.701
165	0.795	0.144	0.882	0.882
88	0.354	0.103	0.946	0.978
84	0.943	0.097	0.875	0.857
132	1.362	0.114	0.772	0.857
81	0.984	0.081	0.802	0.910
0	220.549	0.000	0.000	NaN
89	1.242	0.092	0.767	0.795
90	1.680	0.098	0.732	0.783
136	1.253	0.133	0.829	0.907
34	2.805	0.037	0.453	0.531
121	0.986	0.144	0.823	0.871
67	0.820	0.081	0.893	0.905
138	1.475	0.157	0.690	0.826
128	2.072	0.153	0.757	0.785
212	0.623	0.211	0.906	0.914
46	3.064	0.042	0.548	0.613
143	1.734	0.145	0.708	0.794
68	1.778	0.068	0.747	0.782
80	1.825	0.073	0.667	0.727
66	3.845	0.071	0.595	0.710
31	2.792	0.041	0.470	0.596
52	2.958	0.051	0.510	0.684
57	1.832	0.059	0.695	0.713